[0, 0] = 147.944
[0, 1] = 4.92193
[0, 2] = 2.28055
[0, 3] = 1.06394
[0, 4] = 1.25431
[0, 5] = 0.667979
[0, 6] = 0.650109
[0, 7] = 0.764995
[0, 8] = 0.385946
[0, 9] = 0.753428
[0, 10] = 0.449856
[0, 11] = 0.20183
[0, 12] = 0.217523
[0, 13] = 0.47539
[0, 14] = 0.346014
[0, 15] = 0.33968
[0, 16] = 0.397461
[0, 17] = 0.339679
[0, 18] = 0.346007
[0, 19] = 0.475452
[0, 20] = 0.217488
[0, 21] = 0.201811
[0, 22] = 0.449852
[0, 23] = 0.753423
[0, 24] = 0.386061
[0, 25] = 0.76501
[0, 26] = 0.650206
[0, 27] = 0.667989
[0, 28] = 1.2544
[0, 29] = 1.06408
[0, 30] = 2.28096
[0, 31] = 4.92231
[1, 0] = 41.6212
[1, 1] = 2.69598
[1, 2] = 0.86551
[1, 3] = 1.18665
[1, 4] = 0.358833
[1, 5] = 0.560311
[1, 6] = 0.279496
[1, 7] = 0.455159
[1, 8] = 0.491944
[1, 9] = 0.150043
[1, 10] = 0.226586
[1, 11] = 0.152127
[1, 12] = 0.098312
[1, 13] = 0.143424
[1, 14] = 0.0819806
[1, 15] = 0.173762
[1, 16] = 0.197777
[1, 17] = 0.134917
[1, 18] = 0.136246
[1, 19] = 0.208495
[1, 20] = 0.188803
[1, 21] = 0.17602
[1, 22] = 0.184889
[1, 23] = 0.175983
[1, 24] = 0.454231
[1, 25] = 0.374037
[1, 26] = 0.254466
[1, 27] = 0.514974
[1, 28] = 0.243584
[1, 29] = 1.46383
[1, 30] = 0.35969
[1, 31] = 3.59167
[2, 0] = 2.75864
[2, 1] = 2.2019
[2, 2] = 0.406758
[2, 3] = 0.674324
[2, 4] = 0.533389
[2, 5] = 0.260341
[2, 6] = 0.118339
[2, 7] = 0.0799282
[2, 8] = 0.3363
[2, 9] = 0.184951
[2, 10] = 0.162717
[2, 11] = 0.184709
[2, 12] = 0.0920372
[2, 13] = 0.207433
[2, 14] = 0.0580026
[2, 15] = 0.0310202
[2, 16] = 0.0520274
[2, 17] = 0.0553458
[2, 18] = 0.055984
[2, 19] = 0.144429
[2, 20] = 0.0512444
[2, 21] = 0.180724
[2, 22] = 0.194442
[2, 23] = 0.184755
[2, 24] = 0.331211
[2, 25] = 0.297989
[2, 26] = 0.0438975
[2, 27] = 0.372192
[2, 28] = 0.417517
[2, 29] = 0.670285
[2, 30] = 0.666753
[2, 31] = 2.35197
[3, 0] = 3.44795
[3, 1] = 1.13666
[3, 2] = 1.08903
[3, 3] = 0.455364
[3, 4] = 0.304598
[3, 5] = 0.397097
[3, 6] = 0.191181
[3, 7] = 0.2526
[3, 8] = 0.0734358
[3, 9] = 0.326589
[3, 10] = 0.108253
[3, 11] = 0.202335
[3, 12] = 0.209703
[3, 13] = 0.138746
[3, 14] = 0.0752568
[3, 15] = 0.04825
[3, 16] = 0.0422403
[3, 17] = 0.0967946
[3, 18] = 0.112646
[3, 19] = 0.208179
[3, 20] = 0.0915032
[3, 21] = 0.350224
[3, 22] = 0.0135459
[3, 23] = 0.503648
[3, 24] = 0.233644
[3, 25] = 0.276178
[3, 26] = 0.479591
[3, 27] = 0.457807
[3, 28] = 0.418247
[3, 29] = 1.2378
[3, 30] = 1.23559
[3, 31] = 1.1548
[4, 0] = 1.58434
[4, 1] = 1.29159
[4, 2] = 1.1818
[4, 3] = 1.34681
[4, 4] = 0.2151
[4, 5] = 0.163816
[4, 6] = 0.188783
[4, 7] = 0.264037
[4, 8] = 0.341393
[4, 9] = 0.449387
[4, 10] = 0.254196
[4, 11] = 0.191165
[4, 12] = 0.0560774
[4, 13] = 0.0811573
[4, 14] = 0.0482907
[4, 15] = 0.0534284
[4, 16] = 0.0884755
[4, 17] = 0.0481891
[4, 18] = 0.0402231
[4, 19] = 0.0338322
[4, 20] = 0.066089
[4, 21] = 0.104937
[4, 22] = 0.191622
[4, 23] = 0.326114
[4, 24] = 0.364687
[4, 25] = 0.219308
[4, 26] = 0.139482
[4, 27] = 0.153776
[4, 28] = 0.280418
[4, 29] = 1.67122
[4, 30] = 1.36443
[4, 31] = 1.21696
[5, 0] = 0.0557138
[5, 1] = 1.0803
[5, 2] = 0.22131
[5, 3] = 0.320015
[5, 4] = 0.325893
[5, 5] = 0.197515
[5, 6] = 0.23425
[5, 7] = 0.306183
[5, 8] = 0.443201
[5, 9] = 0.160595
[5, 10] = 0.165244
[5, 11] = 0.0809752
[5, 12] = 0.0865774
[5, 13] = 0.00993905
[5, 14] = 0.0612218
[5, 15] = 0.0121162
[5, 16] = 0.15116
[5, 17] = 0.0401083
[5, 18] = 0.117649
[5, 19] = 0.0464247
[5, 20] = 0.178316
[5, 21] = 0.147288
[5, 22] = 0.160547
[5, 23] = 0.192227
[5, 24] = 0.538211
[5, 25] = 0.255998
[5, 26] = 0.10159
[5, 27] = 0.171961
[5, 28] = 0.648314
[5, 29] = 0.352258
[5, 30] = 0.121712
[5, 31] = 1.14203
[6, 0] = 0.455378
[6, 1] = 0.530362
[6, 2] = 0.439781
[6, 3] = 0.595858
[6, 4] = 0.142168
[6, 5] = 0.301191
[6, 6] = 0.107354
[6, 7] = 0.322042
[6, 8] = 0.0483464
[6, 9] = 0.210517
[6, 10] = 0.231944
[6, 11] = 0.0963387
[6, 12] = 0.14953
[6, 13] = 0.0739803
[6, 14] = 0.0532571
[6, 15] = 0.0697131
[6, 16] = 0.0493595
[6, 17] = 0.0754023
[6, 18] = 0.0450263
[6, 19] = 0.0946296
[6, 20] = 0.105641
[6, 21] = 0.112796
[6, 22] = 0.166963
[6, 23] = 0.35683
[6, 24] = 0.538945
[6, 25] = 0.259608
[6, 26] = 0.0912699
[6, 27] = 0.267887
[6, 28] = 0.746066
[6, 29] = 0.78564
[6, 30] = 0.252457
[6, 31] = 0.352587
[7, 0] = 0.0181831
[7, 1] = 0.11821
[7, 2] = 0.164952
[7, 3] = 0.17579
[7, 4] = 0.161964
[7, 5] = 0.22018
[7, 6] = 0.323167
[7, 7] = 0.231363
[7, 8] = 0.182113
[7, 9] = 0.304547
[7, 10] = 0.0641339
[7, 11] = 0.126467
[7, 12] = 0.12074
[7, 13] = 0.142997
[7, 14] = 0.0446771
[7, 15] = 0.0205009
[7, 16] = 0.0302284
[7, 17] = 0.021139
[7, 18] = 0.0581229
[7, 19] = 0.0861762
[7, 20] = 0.145577
[7, 21] = 0.0737859
[7, 22] = 0.0826088
[7, 23] = 0.0766086
[7, 24] = 0.296917
[7, 25] = 0.416566
[7, 26] = 0.276808
[7, 27] = 0.137595
[7, 28] = 0.0667007
[7, 29] = 0.183307
[7, 30] = 0.118463
[7, 31] = 0.159727
[8, 0] = 0.0947642
[8, 1] = 0.416931
[8, 2] = 0.315927
[8, 3] = 0.570716
[8, 4] = 0.279807
[8, 5] = 0.948036
[8, 6] = 0.229962
[8, 7] = 0.226722
[8, 8] = 0.0783967
[8, 9] = 0.340703
[8, 10] = 0.0743126
[8, 11] = 0.161757
[8, 12] = 0.0187391
[8, 13] = 0.0969333
[8, 14] = 0.0320909
[8, 15] = 0.086623
[8, 16] = 0.034179
[8, 17] = 0.0248594
[8, 18] = 0.0964443
[8, 19] = 0.0641842
[8, 20] = 0.0317847
[8, 21] = 0.141097
[8, 22] = 0.162884
[8, 23] = 0.212371
[8, 24] = 0.228153
[8, 25] = 0.249026
[8, 26] = 0.41025
[8, 27] = 0.862191
[8, 28] = 0.648184
[8, 29] = 0.362536
[8, 30] = 0.276626
[8, 31] = 0.275815
[9, 0] = 0.281722
[9, 1] = 0.149501
[9, 2] = 0.331727
[9, 3] = 0.936122
[9, 4] = 0.501992
[9, 5] = 0.623827
[9, 6] = 0.233505
[9, 7] = 0.127624
[9, 8] = 0.183923
[9, 9] = 0.283367
[9, 10] = 0.226208
[9, 11] = 0.131611
[9, 12] = 0.0417695
[9, 13] = 0.0333773
[9, 14] = 0.0884591
[9, 15] = 0.0481455
[9, 16] = 0.0509615
[9, 17] = 0.0516146
[9, 18] = 0.0812276
[9, 19] = 0.029271
[9, 20] = 0.0729031
[9, 21] = 0.16216
[9, 22] = 0.208378
[9, 23] = 0.144747
[9, 24] = 0.276276
[9, 25] = 0.443077
[9, 26] = 0.0987096
[9, 27] = 0.615985
[9, 28] = 0.774633
[9, 29] = 0.630624
[9, 30] = 0.342454
[9, 31] = 0.142357
[10, 0] = 0.166733
[10, 1] = 0.299996
[10, 2] = 0.0905589
[10, 3] = 0.12637
[10, 4] = 0.297589
[10, 5] = 0.278519
[10, 6] = 0.258137
[10, 7] = 0.169756
[10, 8] = 0.272077
[10, 9] = 0.15376
[10, 10] = 0.1494
[10, 11] = 0.0645663
[10, 12] = 0.0697008
[10, 13] = 0.0596436
[10, 14] = 0.0725694
[10, 15] = 0.0524958
[10, 16] = 0.0663482
[10, 17] = 0.0360354
[10, 18] = 0.048132
[10, 19] = 0.0739566
[10, 20] = 0.0855464
[10, 21] = 0.0556409
[10, 22] = 0.089433
[10, 23] = 0.123557
[10, 24] = 0.239183
[10, 25] = 0.091625
[10, 26] = 0.451632
[10, 27] = 0.347355
[10, 28] = 0.327291
[10, 29] = 0.139672
[10, 30] = 0.301331
[10, 31] = 0.175005
[11, 0] = 0.148435
[11, 1] = 0.441402
[11, 2] = 0.156484
[11, 3] = 0.370907
[11, 4] = 0.214486
[11, 5] = 0.065445
[11, 6] = 0.281283
[11, 7] = 0.214926
[11, 8] = 0.153488
[11, 9] = 0.0632056
[11, 10] = 0.10758
[11, 11] = 0.0622479
[11, 12] = 0.0491535
[11, 13] = 0.014087
[11, 14] = 0.035253
[11, 15] = 0.0174148
[11, 16] = 0.0474494
[11, 17] = 0.0152646
[11, 18] = 0.0274957
[11, 19] = 0.0279342
[11, 20] = 0.0354575
[11, 21] = 0.0726849
[11, 22] = 0.137905
[11, 23] = 0.0654867
[11, 24] = 0.123361
[11, 25] = 0.216162
[11, 26] = 0.0618882
[11, 27] = 0.0564608
[11, 28] = 0.0864292
[11, 29] = 0.346792
[11, 30] = 0.227776
[11, 31] = 0.47564
[12, 0] = 0.2613
[12, 1] = 0.0481327
[12, 2] = 0.250979
[12, 3] = 0.42877
[12, 4] = 0.262537
[12, 5] = 0.197157
[12, 6] = 0.10991
[12, 7] = 0.0521222
[12, 8] = 0.134762
[12, 9] = 0.0188937
[12, 10] = 0.064751
[12, 11] = 0.00945765
[12, 12] = 0.0213781
[12, 13] = 0.0287334
[12, 14] = 0.0198232
[12, 15] = 0.0394353
[12, 16] = 0.0111346
[12, 17] = 0.0158657
[12, 18] = 0.0367207
[12, 19] = 0.0257128
[12, 20] = 0.0285332
[12, 21] = 0.0212596
[12, 22] = 0.0659179
[12, 23] = 0.0224082
[12, 24] = 0.0940923
[12, 25] = 0.0759841
[12, 26] = 0.107977
[12, 27] = 0.183711
[12, 28] = 0.263621
[12, 29] = 0.279086
[12, 30] = 0.232128
[12, 31] = 0.21528
[13, 0] = 0.0798671
[13, 1] = 0.356027
[13, 2] = 0.20107
[13, 3] = 0.280149
[13, 4] = 0.0357643
[13, 5] = 0.0319881
[13, 6] = 0.118548
[13, 7] = 0.0641321
[13, 8] = 0.0244551
[13, 9] = 0.0938929
[13, 10] = 0.16909
[13, 11] = 0.152362
[13, 12] = 0.0528195
[13, 13] = 0.0831051
[13, 14] = 0.0823813
[13, 15] = 0.0542026
[13, 16] = 0.0319538
[13, 17] = 0.0439443
[13, 18] = 0.0347516
[13, 19] = 0.0692265
[13, 20] = 0.0520188
[13, 21] = 0.0809384
[13, 22] = 0.0733989
[13, 23] = 0.107271
[13, 24] = 0.0940915
[13, 25] = 0.0470055
[13, 26] = 0.0620236
[13, 27] = 0.095827
[13, 28] = 0.0490427
[13, 29] = 0.384825
[13, 30] = 0.0333202
[13, 31] = 0.149881
[14, 0] = 0.132482
[14, 1] = 0.514935
[14, 2] = 0.199434
[14, 3] = 0.111129
[14, 4] = 0.06398
[14, 5] = 0.10088
[14, 6] = 0.0402757
[14, 7] = 0.153598
[14, 8] = 0.0775969
[14, 9] = 0.0987335
[14, 10] = 0.0788238
[14, 11] = 0.0536575
[14, 12] = 0.0258084
[14, 13] = 0.0464479
[14, 14] = 0.026655
[14, 15] = 0.0540213
[14, 16] = 0.0471069
[14, 17] = 0.0855055
[14, 18] = 0.0281495
[14, 19] = 0.0340393
[14, 20] = 0.0265018
[14, 21] = 0.106057
[14, 22] = 0.0600862
[14, 23] = 0.0347041
[14, 24] = 0.153649
[14, 25] = 0.186579
[14, 26] = 0.0721009
[14, 27] = 0.0453101
[14, 28] = 0.088236
[14, 29] = 0.135807
[14, 30] = 0.0429416
[14, 31] = 0.493854
[15, 0] = 0.0387223
[15, 1] = 0.162566
[15, 2] = 0.146216
[15, 3] = 0.0971536
[15, 4] = 0.1206
[15, 5] = 0.0562556
[15, 6] = 0.158955
[15, 7] = 0.11345
[15, 8] = 0.062422
[15, 9] = 0.0551932
[15, 10] = 0.0356147
[15, 11] = 0.017395
[15, 12] = 0.00555342
[15, 13] = 0.0709293
[15, 14] = 0.0456176
[15, 15] = 0.0265257
[15, 16] = 0.0850206
[15, 17] = 0.071488
[15, 18] = 0.0884419
[15, 19] = 0.0527615
[15, 20] = 0.0991084
[15, 21] = 0.0878068
[15, 22] = 0.0964665
[15, 23] = 0.0486036
[15, 24] = 0.0594519
[15, 25] = 0.0527383
[15, 26] = 0.115164
[15, 27] = 0.0327689
[15, 28] = 0.181908
[15, 29] = 0.102827
[15, 30] = 0.0628849
[15, 31] = 0.427081
[16, 0] = 0.311523
[16, 1] = 0.235044
[16, 2] = 0.208821
[16, 3] = 0.131052
[16, 4] = 0.155192
[16, 5] = 0.0585679
[16, 6] = 0.10538
[16, 7] = 0.0222823
[16, 8] = 0.141604
[16, 9] = 0.0766593
[16, 10] = 0.119351
[16, 11] = 0.0509678
[16, 12] = 0.102682
[16, 13] = 0.0937257
[16, 14] = 0.0575053
[16, 15] = 0.0781197
[16, 16] = 0.106445
[16, 17] = 0.0781193
[16, 18] = 0.057505
[16, 19] = 0.0937245
[16, 20] = 0.102681
[16, 21] = 0.0509688
[16, 22] = 0.11935
[16, 23] = 0.076658
[16, 24] = 0.141602
[16, 25] = 0.0222829
[16, 26] = 0.105382
[16, 27] = 0.0585689
[16, 28] = 0.155193
[16, 29] = 0.131049
[16, 30] = 0.208822
[16, 31] = 0.23505
[17, 0] = 0.0387083
[17, 1] = 0.446738
[17, 2] = 0.11469
[17, 3] = 0.0834909
[17, 4] = 0.176997
[17, 5] = 0.0160101
[17, 6] = 0.0793962
[17, 7] = 0.08288
[17, 8] = 0.0275487
[17, 9] = 0.0701287
[17, 10] = 0.166121
[17, 11] = 0.133613
[17, 12] = 0.138177
[17, 13] = 0.00607121
[17, 14] = 0.0979074
[17, 15] = 0.0753156
[17, 16] = 0.0850185
[17, 17] = 0.0355755
[17, 18] = 0.0620072
[17, 19] = 0.0477879
[17, 20] = 0.0964423
[17, 21] = 0.102198
[17, 22] = 0.139848
[17, 23] = 0.0748465
[17, 24] = 0.0334787
[17, 25] = 0.130223
[17, 26] = 0.135307
[17, 27] = 0.0484461
[17, 28] = 0.113057
[17, 29] = 0.0763902
[17, 30] = 0.174873
[17, 31] = 0.208826
[18, 0] = 0.132512
[18, 1] = 0.502548
[18, 2] = 0.246599
[18, 3] = 0.102336
[18, 4] = 0.164522
[18, 5] = 0.131598
[18, 6] = 0.0950126
[18, 7] = 0.148478
[18, 8] = 0.155115
[18, 9] = 0.0712174
[18, 10] = 0.0599763
[18, 11] = 0.155806
[18, 12] = 0.031075
[18, 13] = 0.0813759
[18, 14] = 0.0301657
[18, 15] = 0.0700245
[18, 16] = 0.0471062
[18, 17] = 0.0226022
[18, 18] = 0.0287757
[18, 19] = 0.0872983
[18, 20] = 0.0304846
[18, 21] = 0.126118
[18, 22] = 0.0787349
[18, 23] = 0.116686
[18, 24] = 0.0804666
[18, 25] = 0.104055
[18, 26] = 0.0738315
[18, 27] = 0.159509
[18, 28] = 0.152891
[18, 29] = 0.0661651
[18, 30] = 0.314239
[18, 31] = 0.523286
[19, 0] = 0.0799126
[19, 1] = 0.18139
[19, 2] = 0.154787
[19, 3] = 0.275626
[19, 4] = 0.0928244
[19, 5] = 0.139735
[19, 6] = 0.120409
[19, 7] = 0.128337
[19, 8] = 0.146031
[19, 9] = 0.07348
[19, 10] = 0.0664172
[19, 11] = 0.0572734
[19, 12] = 0.0521678
[19, 13] = 0.0336845
[19, 14] = 0.0363672
[19, 15] = 0.0453731
[19, 16] = 0.0319551
[19, 17] = 0.055368
[19, 18] = 0.0830777
[19, 19] = 0.0569991
[19, 20] = 0.052966
[19, 21] = 0.141223
[19, 22] = 0.166176
[19, 23] = 0.0520418
[19, 24] = 0.114321
[19, 25] = 0.135544
[19, 26] = 0.157182
[19, 27] = 0.10661
[19, 28] = 0.0865462
[19, 29] = 0.0797884
[19, 30] = 0.251559
[19, 31] = 0.370392
[20, 0] = 0.261353
[20, 1] = 0.292998
[20, 2] = 0.187933
[20, 3] = 0.3443
[20, 4] = 0.141467
[20, 5] = 0.104561
[20, 6] = 0.0845659
[20, 7] = 0.0554306
[20, 8] = 0.0493244
[20, 9] = 0.0162666
[20, 10] = 0.047511
[20, 11] = 0.0250549
[20, 12] = 0.0191188
[20, 13] = 0.0195633
[20, 14] = 0.0408236
[20, 15] = 0.0260683
[20, 16] = 0.011135
[20, 17] = 0.0445297
[20, 18] = 0.0266721
[20, 19] = 0.0233926
[20, 20] = 0.00288672
[20, 21] = 0.0162913
[20, 22] = 0.0458801
[20, 23] = 0.0109316
[20, 24] = 0.108355
[20, 25] = 0.00391684
[20, 26] = 0.0870255
[20, 27] = 0.126696
[20, 28] = 0.139446
[20, 29] = 0.473815
[20, 30] = 0.210768
[20, 31] = 0.2045
[21, 0] = 0.148351
[21, 1] = 0.342309
[21, 2] = 0.280816
[21, 3] = 0.517396
[21, 4] = 0.0989215
[21, 5] = 0.0219074
[21, 6] = 0.362253
[21, 7] = 0.187517
[21, 8] = 0.117078
[21, 9] = 0.0648609
[21, 10] = 0.103244
[21, 11] = 0.0591113
[21, 12] = 0.0834708
[21, 13] = 0.0528212
[21, 14] = 0.00366468
[21, 15] = 0.036919
[21, 16] = 0.0474492
[21, 17] = 0.0378598
[21, 18] = 0.0223666
[21, 19] = 0.046989
[21, 20] = 0.0901462
[21, 21] = 0.0456747
[21, 22] = 0.0567058
[21, 23] = 0.06256
[21, 24] = 0.148482
[21, 25] = 0.18609
[21, 26] = 0.454448
[21, 27] = 0.039698
[21, 28] = 0.219817
[21, 29] = 0.533849
[21, 30] = 0.226854
[21, 31] = 0.292883
[22, 0] = 0.166839
[22, 1] = 0.297917
[22, 2] = 0.399232
[22, 3] = 0.139007
[22, 4] = 0.24273
[22, 5] = 0.270161
[22, 6] = 0.433867
[22, 7] = 0.254604
[22, 8] = 0.0688425
[22, 9] = 0.0251313
[22, 10] = 0.107312
[22, 11] = 0.0697141
[22, 12] = 0.0946122
[22, 13] = 0.0723464
[22, 14] = 0.0213072
[22, 15] = 0.0380205
[22, 16] = 0.0663473
[22, 17] = 0.0538783
[22, 18] = 0.058339
[22, 19] = 0.0576356
[22, 20] = 0.080568
[22, 21] = 0.0770264
[22, 22] = 0.16074
[22, 23] = 0.0949062
[22, 24] = 0.146825
[22, 25] = 0.291968
[22, 26] = 0.225613
[22, 27] = 0.172947
[22, 28] = 0.200903
[22, 29] = 0.125625
[22, 30] = 0.277127
[22, 31] = 0.384869
[23, 0] = 0.281831
[23, 1] = 0.34975
[23, 2] = 0.22263
[23, 3] = 0.0442832
[23, 4] = 0.712326
[23, 5] = 0.378404
[23, 6] = 0.0952332
[23, 7] = 0.743319
[23, 8] = 0.208009
[23, 9] = 0.138588
[23, 10] = 0.0857858
[23, 11] = 0.0986861
[23, 12] = 0.0760834
[23, 13] = 0.0191141
[23, 14] = 0.0762109
[23, 15] = 0.0479293
[23, 16] = 0.0509625
[23, 17] = 0.0441709
[23, 18] = 0.0838763
[23, 19] = 0.0249509
[23, 20] = 0.0470976
[23, 21] = 0.0276438
[23, 22] = 0.122923
[23, 23] = 0.280264
[23, 24] = 0.0277188
[23, 25] = 0.610318
[23, 26] = 0.232052
[23, 27] = 0.391028
[23, 28] = 0.399213
[23, 29] = 0.693228
[23, 30] = 0.205731
[23, 31] = 0.352702
[24, 0] = 0.0946138
[24, 1] = 0.197725
[24, 2] = 0.347245
[24, 3] = 0.12142
[24, 4] = 0.765081
[24, 5] = 0.474166
[24, 6] = 0.42805
[24, 7] = 0.262857
[24, 8] = 0.307388
[24, 9] = 0.0820105
[24, 10] = 0.159126
[24, 11] = 0.110449
[24, 12] = 0.0486285
[24, 13] = 0.0683549
[24, 14] = 0.107239
[24, 15] = 0.0514857
[24, 16] = 0.0341806
[24, 17] = 0.0976574
[24, 18] = 0.0568214
[24, 19] = 0.0997494
[24, 20] = 0.0412986
[24, 21] = 0.135849
[24, 22] = 0.0656655
[24, 23] = 0.278751
[24, 24] = 0.220394
[24, 25] = 0.24182
[24, 26] = 0.260411
[24, 27] = 0.616624
[24, 28] = 0.493467
[24, 29] = 0.457179
[24, 30] = 0.379295
[24, 31] = 0.369944
[25, 0] = 0.0183581
[25, 1] = 0.121944
[25, 2] = 0.279476
[25, 3] = 0.286632
[25, 4] = 0.160311
[25, 5] = 0.284875
[25, 6] = 0.107904
[25, 7] = 0.466197
[25, 8] = 0.277938
[25, 9] = 0.196208
[25, 10] = 0.0873719
[25, 11] = 0.101774
[25, 12] = 0.0949108
[25, 13] = 0.0648295
[25, 14] = 0.0378834
[25, 15] = 0.0243466
[25, 16] = 0.0302263
[25, 17] = 0.0237932
[25, 18] = 0.00729644
[25, 19] = 0.131244
[25, 20] = 0.0489242
[25, 21] = 0.144595
[25, 22] = 0.0701655
[25, 23] = 0.354077
[25, 24] = 0.149202
[25, 25] = 0.311999
[25, 26] = 0.198652
[25, 27] = 0.332711
[25, 28] = 0.21791
[25, 29] = 0.281886
[25, 30] = 0.302124
[25, 31] = 0.0577074
[26, 0] = 0.455587
[26, 1] = 0.544944
[26, 2] = 0.370601
[26, 3] = 0.525437
[26, 4] = 1.19496
[26, 5] = 0.0941145
[26, 6] = 0.233856
[26, 7] = 0.137348
[26, 8] = 0.723684
[26, 9] = 0.298287
[26, 10] = 0.0769364
[26, 11] = 0.111126
[26, 12] = 0.0592127
[26, 13] = 0.11951
[26, 14] = 0.0107261
[26, 15] = 0.0766844
[26, 16] = 0.0493614
[26, 17] = 0.0710964
[26, 18] = 0.0303939
[26, 19] = 0.103925
[26, 20] = 0.121264
[26, 21] = 0.0943756
[26, 22] = 0.178437
[26, 23] = 0.0772784
[26, 24] = 0.485371
[26, 25] = 0.234919
[26, 26] = 0.240588
[26, 27] = 0.166754
[26, 28] = 0.944192
[26, 29] = 0.118064
[26, 30] = 0.516745
[26, 31] = 0.673747
[27, 0] = 0.0559892
[27, 1] = 0.936003
[27, 2] = 0.161067
[27, 3] = 0.427301
[27, 4] = 1.07832
[27, 5] = 0.159775
[27, 6] = 0.0910668
[27, 7] = 0.266492
[27, 8] = 0.31794
[27, 9] = 0.324485
[27, 10] = 0.159912
[27, 11] = 0.174489
[27, 12] = 0.220131
[27, 13] = 0.0558069
[27, 14] = 0.109165
[27, 15] = 0.0499517
[27, 16] = 0.151161
[27, 17] = 0.0321425
[27, 18] = 0.0427084
[27, 19] = 0.0325286
[27, 20] = 0.155419
[27, 21] = 0.123734
[27, 22] = 0.164624
[27, 23] = 0.306792
[27, 24] = 0.0885808
[27, 25] = 0.315003
[27, 26] = 0.229878
[27, 27] = 0.187001
[27, 28] = 0.921205
[27, 29] = 0.401105
[27, 30] = 0.245168
[27, 31] = 0.859639
[28, 0] = 1.58469
[28, 1] = 1.06085
[28, 2] = 0.830518
[28, 3] = 1.11951
[28, 4] = 0.29173
[28, 5] = 0.116359
[28, 6] = 0.057975
[28, 7] = 0.165978
[28, 8] = 0.336061
[28, 9] = 0.275992
[28, 10] = 0.161349
[28, 11] = 0.131388
[28, 12] = 0.0459561
[28, 13] = 0.0375582
[28, 14] = 0.0338533
[28, 15] = 0.0313864
[28, 16] = 0.0884742
[28, 17] = 0.0389587
[28, 18] = 0.0431329
[28, 19] = 0.0827752
[28, 20] = 0.0298168
[28, 21] = 0.206868
[28, 22] = 0.232212
[28, 23] = 0.414458
[28, 24] = 0.310636
[28, 25] = 0.221724
[28, 26] = 0.139809
[28, 27] = 0.129334
[28, 28] = 0.229656
[28, 29] = 0.523788
[28, 30] = 0.474091
[28, 31] = 1.14569
[29, 0] = 3.44754
[29, 1] = 2.70483
[29, 2] = 0.835958
[29, 3] = 1.30806
[29, 4] = 0.346849
[29, 5] = 0.301827
[29, 6] = 0.488287
[29, 7] = 0.212283
[29, 8] = 0.290841
[29, 9] = 0.400725
[29, 10] = 0.127149
[29, 11] = 0.387028
[29, 12] = 0.221413
[29, 13] = 0.165408
[29, 14] = 0.123976
[29, 15] = 0.0900543
[29, 16] = 0.0422373
[29, 17] = 0.0326888
[29, 18] = 0.0913459
[29, 19] = 0.0571904
[29, 20] = 0.290903
[29, 21] = 0.260896
[29, 22] = 0.166432
[29, 23] = 0.116524
[29, 24] = 0.188113
[29, 25] = 0.180531
[29, 26] = 0.212047
[29, 27] = 0.197973
[29, 28] = 0.19528
[29, 29] = 0.621447
[29, 30] = 0.598467
[29, 31] = 2.69706
[30, 0] = 2.75779
[30, 1] = 1.12545
[30, 2] = 1.25566
[30, 3] = 0.848091
[30, 4] = 0.11441
[30, 5] = 0.387625
[30, 6] = 0.0655923
[30, 7] = 0.344036
[30, 8] = 0.380183
[30, 9] = 0.187076
[30, 10] = 0.180149
[30, 11] = 0.151582
[30, 12] = 0.0630939
[30, 13] = 0.0837739
[30, 14] = 0.0470014
[30, 15] = 0.098367
[30, 16] = 0.0520306
[30, 17] = 0.087027
[30, 18] = 0.0493847
[30, 19] = 0.170854
[30, 20] = 0.0991284
[30, 21] = 0.156306
[30, 22] = 0.145349
[30, 23] = 0.18727
[30, 24] = 0.384625
[30, 25] = 0.189616
[30, 26] = 0.127987
[30, 27] = 0.281982
[30, 28] = 0.351102
[30, 29] = 0.85128
[30, 30] = 1.13905
[30, 31] = 0.763744
[31, 0] = 41.6226
[31, 1] = 6.52976
[31, 2] = 0.896357
[31, 3] = 0.94584
[31, 4] = 0.477943
[31, 5] = 0.229392
[31, 6] = 0.0831804
[31, 7] = 0.265239
[31, 8] = 0.17545
[31, 9] = 0.192529
[31, 10] = 0.123507
[31, 11] = 0.124433
[31, 12] = 0.232914
[31, 13] = 0.261844
[31, 14] = 0.13514
[31, 15] = 0.122942
[31, 16] = 0.197765
[31, 17] = 0.164621
[31, 18] = 0.0801622
[31, 19] = 0.213669
[31, 20] = 0.168132
[31, 21] = 0.0873672
[31, 22] = 0.180006
[31, 23] = 0.169157
[31, 24] = 0.25773
[31, 25] = 0.370957
[31, 26] = 0.14236
[31, 27] = 0.318314
[31, 28] = 0.545714
[31, 29] = 0.399621
[31, 30] = 1.19284
[31, 31] = 6.08293
