[0, 0] = 138.198
[0, 1] = 8.29246
[0, 2] = 2.17436
[0, 3] = 2.27894
[0, 4] = 5.50788
[0, 5] = 1.42738
[0, 6] = 0.975786
[0, 7] = 0.839045
[0, 8] = 0.743351
[0, 9] = 1.61694
[0, 10] = 0.491751
[0, 11] = 0.16981
[0, 12] = 0.280438
[0, 13] = 0.504617
[0, 14] = 0.496902
[0, 15] = 0.430468
[0, 16] = 0.295898
[0, 17] = 0.430461
[0, 18] = 0.496889
[0, 19] = 0.504642
[0, 20] = 0.280543
[0, 21] = 0.169776
[0, 22] = 0.491632
[0, 23] = 1.61698
[0, 24] = 0.743445
[0, 25] = 0.83895
[0, 26] = 0.975765
[0, 27] = 1.42719
[0, 28] = 5.50791
[0, 29] = 2.27921
[0, 30] = 2.17385
[0, 31] = 8.29331
[1, 0] = 0.0767482
[1, 1] = 1.05746
[1, 2] = 0.259215
[1, 3] = 0.133367
[1, 4] = 0.199459
[1, 5] = 0.721258
[1, 6] = 0.233271
[1, 7] = 0.677802
[1, 8] = 0.245071
[1, 9] = 0.441153
[1, 10] = 0.196759
[1, 11] = 0.255445
[1, 12] = 0.219788
[1, 13] = 0.0573656
[1, 14] = 0.108453
[1, 15] = 0.0667753
[1, 16] = 0.0485075
[1, 17] = 0.0522854
[1, 18] = 0.145354
[1, 19] = 0.0399386
[1, 20] = 0.203937
[1, 21] = 0.17149
[1, 22] = 0.095432
[1, 23] = 0.246513
[1, 24] = 0.228101
[1, 25] = 0.363706
[1, 26] = 0.183611
[1, 27] = 0.914021
[1, 28] = 0.15078
[1, 29] = 0.423725
[1, 30] = 0.89131
[1, 31] = 0.772686
[2, 0] = 0.979714
[2, 1] = 3.20787
[2, 2] = 3.94507
[2, 3] = 1.20335
[2, 4] = 0.667446
[2, 5] = 1.89039
[2, 6] = 0.514202
[2, 7] = 0.310558
[2, 8] = 1.53765
[2, 9] = 0.335786
[2, 10] = 0.180384
[2, 11] = 0.394878
[2, 12] = 0.0591186
[2, 13] = 0.354424
[2, 14] = 0.0971437
[2, 15] = 0.227076
[2, 16] = 0.0567707
[2, 17] = 0.242472
[2, 18] = 0.244767
[2, 19] = 0.182993
[2, 20] = 0.411568
[2, 21] = 0.608135
[2, 22] = 0.384093
[2, 23] = 0.262971
[2, 24] = 1.31839
[2, 25] = 0.169309
[2, 26] = 0.509813
[2, 27] = 1.82305
[2, 28] = 0.679762
[2, 29] = 0.422365
[2, 30] = 4.47213
[2, 31] = 3.03356
[3, 0] = 1.07864
[3, 1] = 1.35169
[3, 2] = 1.21777
[3, 3] = 0.887848
[3, 4] = 0.460536
[3, 5] = 0.358477
[3, 6] = 0.369548
[3, 7] = 0.220785
[3, 8] = 0.282294
[3, 9] = 0.316598
[3, 10] = 0.0964827
[3, 11] = 0.172792
[3, 12] = 0.178996
[3, 13] = 0.0238978
[3, 14] = 0.316256
[3, 15] = 0.0790417
[3, 16] = 0.0541504
[3, 17] = 0.0359549
[3, 18] = 0.098059
[3, 19] = 0.0658215
[3, 20] = 0.210795
[3, 21] = 0.11847
[3, 22] = 0.464786
[3, 23] = 0.688346
[3, 24] = 0.141574
[3, 25] = 0.42454
[3, 26] = 0.617808
[3, 27] = 0.35894
[3, 28] = 0.307647
[3, 29] = 0.276318
[3, 30] = 1.02887
[3, 31] = 1.67508
[4, 0] = 3.29509
[4, 1] = 1.13495
[4, 2] = 1.77988
[4, 3] = 0.897134
[4, 4] = 1.05359
[4, 5] = 1.05398
[4, 6] = 0.906036
[4, 7] = 0.420434
[4, 8] = 0.607496
[4, 9] = 0.689816
[4, 10] = 0.645503
[4, 11] = 0.438295
[4, 12] = 0.291846
[4, 13] = 0.15472
[4, 14] = 0.196379
[4, 15] = 0.132996
[4, 16] = 0.146645
[4, 17] = 0.158222
[4, 18] = 0.118543
[4, 19] = 0.156955
[4, 20] = 0.407891
[4, 21] = 0.568308
[4, 22] = 0.596981
[4, 23] = 0.511376
[4, 24] = 0.503306
[4, 25] = 0.845033
[4, 26] = 0.478586
[4, 27] = 1.27772
[4, 28] = 1.04396
[4, 29] = 0.670919
[4, 30] = 0.388161
[4, 31] = 2.19949
[5, 0] = 0.350589
[5, 1] = 0.650343
[5, 2] = 1.45118
[5, 3] = 0.870466
[5, 4] = 0.747379
[5, 5] = 0.852831
[5, 6] = 0.618883
[5, 7] = 0.371949
[5, 8] = 0.343651
[5, 9] = 0.420401
[5, 10] = 0.193874
[5, 11] = 0.436895
[5, 12] = 0.589016
[5, 13] = 0.345624
[5, 14] = 0.0940182
[5, 15] = 0.144978
[5, 16] = 0.189382
[5, 17] = 0.0454893
[5, 18] = 0.174879
[5, 19] = 0.399572
[5, 20] = 0.47388
[5, 21] = 0.397181
[5, 22] = 0.110936
[5, 23] = 0.0822813
[5, 24] = 0.105985
[5, 25] = 0.338174
[5, 26] = 0.213486
[5, 27] = 0.310716
[5, 28] = 1.14746
[5, 29] = 0.692746
[5, 30] = 0.859966
[5, 31] = 0.304434
[6, 0] = 1.40333
[6, 1] = 2.76134
[6, 2] = 0.216096
[6, 3] = 1.09209
[6, 4] = 2.10413
[6, 5] = 0.297311
[6, 6] = 0.725584
[6, 7] = 0.453778
[6, 8] = 0.277891
[6, 9] = 0.136542
[6, 10] = 0.574921
[6, 11] = 0.256272
[6, 12] = 0.308411
[6, 13] = 0.32824
[6, 14] = 0.296061
[6, 15] = 0.270836
[6, 16] = 0.152821
[6, 17] = 0.293724
[6, 18] = 0.425679
[6, 19] = 0.302744
[6, 20] = 0.242411
[6, 21] = 0.236997
[6, 22] = 0.408473
[6, 23] = 0.571079
[6, 24] = 0.310374
[6, 25] = 0.245404
[6, 26] = 0.276815
[6, 27] = 0.576682
[6, 28] = 1.14531
[6, 29] = 1.10226
[6, 30] = 1.18972
[6, 31] = 1.88289
[7, 0] = 0.974948
[7, 1] = 1.20414
[7, 2] = 3.71125
[7, 3] = 1.85961
[7, 4] = 2.31151
[7, 5] = 2.07117
[7, 6] = 1.92551
[7, 7] = 0.921753
[7, 8] = 0.307191
[7, 9] = 0.134038
[7, 10] = 0.20705
[7, 11] = 0.368313
[7, 12] = 0.117287
[7, 13] = 0.0824921
[7, 14] = 0.186719
[7, 15] = 0.126348
[7, 16] = 0.0240785
[7, 17] = 0.118873
[7, 18] = 0.172972
[7, 19] = 0.103664
[7, 20] = 0.176863
[7, 21] = 0.152403
[7, 22] = 0.0843846
[7, 23] = 0.131247
[7, 24] = 0.0497734
[7, 25] = 0.819037
[7, 26] = 1.45292
[7, 27] = 1.14953
[7, 28] = 1.58296
[7, 29] = 0.685855
[7, 30] = 1.65256
[7, 31] = 0.945055
[8, 0] = 0.159199
[8, 1] = 0.404677
[8, 2] = 1.11672
[8, 3] = 0.852848
[8, 4] = 0.495023
[8, 5] = 0.73793
[8, 6] = 0.159111
[8, 7] = 0.67198
[8, 8] = 0.842782
[8, 9] = 0.570813
[8, 10] = 0.192579
[8, 11] = 0.265258
[8, 12] = 0.246349
[8, 13] = 0.0536515
[8, 14] = 0.0754141
[8, 15] = 0.047148
[8, 16] = 0.0478519
[8, 17] = 0.0877266
[8, 18] = 0.103101
[8, 19] = 0.042917
[8, 20] = 0.225032
[8, 21] = 0.122418
[8, 22] = 0.133169
[8, 23] = 0.213045
[8, 24] = 0.770881
[8, 25] = 0.893885
[8, 26] = 1.064
[8, 27] = 0.759236
[8, 28] = 0.481893
[8, 29] = 0.687838
[8, 30] = 0.489158
[8, 31] = 1.03464
[9, 0] = 0.0768664
[9, 1] = 1.46163
[9, 2] = 1.13114
[9, 3] = 0.500684
[9, 4] = 0.69093
[9, 5] = 1.28933
[9, 6] = 0.42388
[9, 7] = 0.790966
[9, 8] = 0.202971
[9, 9] = 0.253681
[9, 10] = 0.207956
[9, 11] = 0.443146
[9, 12] = 0.0138678
[9, 13] = 0.0726392
[9, 14] = 0.0435704
[9, 15] = 0.175685
[9, 16] = 0.105922
[9, 17] = 0.103436
[9, 18] = 0.125636
[9, 19] = 0.0605496
[9, 20] = 0.0666435
[9, 21] = 0.393465
[9, 22] = 0.110715
[9, 23] = 0.338943
[9, 24] = 0.390391
[9, 25] = 0.663543
[9, 26] = 0.41399
[9, 27] = 1.55731
[9, 28] = 1.07046
[9, 29] = 0.685613
[9, 30] = 1.17268
[9, 31] = 0.821989
[10, 0] = 0.314188
[10, 1] = 0.820174
[10, 2] = 0.919362
[10, 3] = 0.056082
[10, 4] = 0.60093
[10, 5] = 0.186015
[10, 6] = 0.985523
[10, 7] = 0.21479
[10, 8] = 0.338006
[10, 9] = 0.19601
[10, 10] = 0.197689
[10, 11] = 0.305063
[10, 12] = 0.0485652
[10, 13] = 0.146936
[10, 14] = 0.0486084
[10, 15] = 0.0965063
[10, 16] = 0.0633695
[10, 17] = 0.048946
[10, 18] = 0.0434896
[10, 19] = 0.080413
[10, 20] = 0.0502477
[10, 21] = 0.278854
[10, 22] = 0.25478
[10, 23] = 0.441559
[10, 24] = 0.692924
[10, 25] = 0.368307
[10, 26] = 0.629143
[10, 27] = 0.213784
[10, 28] = 0.563052
[10, 29] = 0.396644
[10, 30] = 0.190242
[10, 31] = 0.738359
[11, 0] = 0.115642
[11, 1] = 0.843789
[11, 2] = 0.0913332
[11, 3] = 0.132245
[11, 4] = 0.473261
[11, 5] = 0.400485
[11, 6] = 0.636524
[11, 7] = 0.328537
[11, 8] = 0.327693
[11, 9] = 0.491737
[11, 10] = 0.401357
[11, 11] = 0.211742
[11, 12] = 0.133513
[11, 13] = 0.0672513
[11, 14] = 0.0880811
[11, 15] = 0.0845549
[11, 16] = 0.0225966
[11, 17] = 0.135561
[11, 18] = 0.114701
[11, 19] = 0.114266
[11, 20] = 0.129623
[11, 21] = 0.21135
[11, 22] = 0.400421
[11, 23] = 0.573272
[11, 24] = 0.336403
[11, 25] = 0.494287
[11, 26] = 0.548142
[11, 27] = 0.325682
[11, 28] = 0.293302
[11, 29] = 0.162147
[11, 30] = 0.00923686
[11, 31] = 0.659471
[12, 0] = 0.0799516
[12, 1] = 0.368742
[12, 2] = 0.466413
[12, 3] = 0.330523
[12, 4] = 0.42844
[12, 5] = 0.420646
[12, 6] = 0.163817
[12, 7] = 0.33865
[12, 8] = 0.176451
[12, 9] = 0.28652
[12, 10] = 0.316385
[12, 11] = 0.059334
[12, 12] = 0.158882
[12, 13] = 0.0564986
[12, 14] = 0.0326999
[12, 15] = 0.0893256
[12, 16] = 0.0411802
[12, 17] = 0.113335
[12, 18] = 0.061504
[12, 19] = 0.0642495
[12, 20] = 0.0907706
[12, 21] = 0.12057
[12, 22] = 0.258652
[12, 23] = 0.258035
[12, 24] = 0.115629
[12, 25] = 0.713051
[12, 26] = 0.190154
[12, 27] = 0.10073
[12, 28] = 0.43083
[12, 29] = 0.315686
[12, 30] = 0.31475
[12, 31] = 0.202518
[13, 0] = 0.215869
[13, 1] = 0.235059
[13, 2] = 0.115296
[13, 3] = 0.340763
[13, 4] = 0.055708
[13, 5] = 0.255067
[13, 6] = 0.21603
[13, 7] = 0.189659
[13, 8] = 0.0571306
[13, 9] = 0.122249
[13, 10] = 0.141504
[13, 11] = 0.0604856
[13, 12] = 0.0949489
[13, 13] = 0.0824417
[13, 14] = 0.0222244
[13, 15] = 0.0852087
[13, 16] = 0.00710381
[13, 17] = 0.057207
[13, 18] = 0.0291488
[13, 19] = 0.0472213
[13, 20] = 0.0373449
[13, 21] = 0.165185
[13, 22] = 0.105555
[13, 23] = 0.161784
[13, 24] = 0.0895407
[13, 25] = 0.289811
[13, 26] = 0.30007
[13, 27] = 0.0997234
[13, 28] = 0.262719
[13, 29] = 0.305748
[13, 30] = 0.301169
[13, 31] = 0.21736
[14, 0] = 0.18612
[14, 1] = 0.154496
[14, 2] = 0.116303
[14, 3] = 0.0514698
[14, 4] = 0.130149
[14, 5] = 0.286065
[14, 6] = 0.375191
[14, 7] = 0.260964
[14, 8] = 0.142852
[14, 9] = 0.170564
[14, 10] = 0.0436276
[14, 11] = 0.0250788
[14, 12] = 0.0725372
[14, 13] = 0.0385818
[14, 14] = 0.0303199
[14, 15] = 0.0366494
[14, 16] = 0.0437047
[14, 17] = 0.0350534
[14, 18] = 0.0965135
[14, 19] = 0.0380658
[14, 20] = 0.0502943
[14, 21] = 0.113588
[14, 22] = 0.066235
[14, 23] = 0.12938
[14, 24] = 0.128373
[14, 25] = 0.205538
[14, 26] = 0.441846
[14, 27] = 0.297047
[14, 28] = 0.0722619
[14, 29] = 0.0576565
[14, 30] = 0.13084
[14, 31] = 0.360187
[15, 0] = 0.152708
[15, 1] = 0.236639
[15, 2] = 0.392781
[15, 3] = 0.22744
[15, 4] = 0.177577
[15, 5] = 0.0721322
[15, 6] = 0.223018
[15, 7] = 0.182766
[15, 8] = 0.119754
[15, 9] = 0.0133397
[15, 10] = 0.115164
[15, 11] = 0.105619
[15, 12] = 0.104065
[15, 13] = 0.0939559
[15, 14] = 0.0403337
[15, 15] = 0.0362288
[15, 16] = 0.0167332
[15, 17] = 0.0465159
[15, 18] = 0.0210749
[15, 19] = 0.0597759
[15, 20] = 0.056083
[15, 21] = 0.107969
[15, 22] = 0.0808014
[15, 23] = 0.0117473
[15, 24] = 0.244697
[15, 25] = 0.217485
[15, 26] = 0.130724
[15, 27] = 0.039345
[15, 28] = 0.0205293
[15, 29] = 0.235103
[15, 30] = 0.39322
[15, 31] = 0.267913
[16, 0] = 0.0517578
[16, 1] = 0.0773203
[16, 2] = 0.238286
[16, 3] = 0.0962444
[16, 4] = 0.156137
[16, 5] = 0.2126
[16, 6] = 0.24692
[16, 7] = 0.214507
[16, 8] = 0.191431
[16, 9] = 0.0428911
[16, 10] = 0.0879254
[16, 11] = 0.0210933
[16, 12] = 0.0915021
[16, 13] = 0.0475326
[16, 14] = 0.0155166
[16, 15] = 0.0369215
[16, 16] = 0.00878906
[16, 17] = 0.0369218
[16, 18] = 0.015517
[16, 19] = 0.0475332
[16, 20] = 0.091502
[16, 21] = 0.0210937
[16, 22] = 0.0879243
[16, 23] = 0.0428904
[16, 24] = 0.191428
[16, 25] = 0.214504
[16, 26] = 0.246924
[16, 27] = 0.212605
[16, 28] = 0.156137
[16, 29] = 0.0962414
[16, 30] = 0.238289
[16, 31] = 0.0773162
[17, 0] = 0.152696
[17, 1] = 0.259662
[17, 2] = 0.404237
[17, 3] = 0.176265
[17, 4] = 0.158935
[17, 5] = 0.0389013
[17, 6] = 0.119208
[17, 7] = 0.178888
[17, 8] = 0.227839
[17, 9] = 0.0253984
[17, 10] = 0.140188
[17, 11] = 0.0864922
[17, 12] = 0.0247591
[17, 13] = 0.0635181
[17, 14] = 0.044247
[17, 15] = 0.0573107
[17, 16] = 0.0167332
[17, 17] = 0.0493279
[17, 18] = 0.05604
[17, 19] = 0.0963801
[17, 20] = 0.091087
[17, 21] = 0.0835373
[17, 22] = 0.162439
[17, 23] = 0.0261721
[17, 24] = 0.0798503
[17, 25] = 0.134555
[17, 26] = 0.216468
[17, 27] = 0.071894
[17, 28] = 0.237431
[17, 29] = 0.165903
[17, 30] = 0.403811
[17, 31] = 0.227251
[18, 0] = 0.186101
[18, 1] = 0.361329
[18, 2] = 0.211442
[18, 3] = 0.0896538
[18, 4] = 0.0296517
[18, 5] = 0.299733
[18, 6] = 0.413131
[18, 7] = 0.0981465
[18, 8] = 0.051411
[18, 9] = 0.0874852
[18, 10] = 0.0572009
[18, 11] = 0.185378
[18, 12] = 0.0890552
[18, 13] = 0.0390219
[18, 14] = 0.113049
[18, 15] = 0.0530384
[18, 16] = 0.0437033
[18, 17] = 0.0541094
[18, 18] = 0.0662176
[18, 19] = 0.0395256
[18, 20] = 0.103262
[18, 21] = 0.148627
[18, 22] = 0.0280747
[18, 23] = 0.141443
[18, 24] = 0.081043
[18, 25] = 0.188374
[18, 26] = 0.340919
[18, 27] = 0.288861
[18, 28] = 0.112237
[18, 29] = 0.0858053
[18, 30] = 0.20277
[18, 31] = 0.157137
[19, 0] = 0.215844
[19, 1] = 0.197698
[19, 2] = 0.533838
[19, 3] = 0.0931573
[19, 4] = 0.346015
[19, 5] = 0.114387
[19, 6] = 0.243038
[19, 7] = 0.230168
[19, 8] = 0.132586
[19, 9] = 0.175069
[19, 10] = 0.108218
[19, 11] = 0.185961
[19, 12] = 0.0834312
[19, 13] = 0.141289
[19, 14] = 0.0608424
[19, 15] = 0.0357937
[19, 16] = 0.00710344
[19, 17] = 0.0725833
[19, 18] = 0.0578439
[19, 19] = 0.156619
[19, 20] = 0.120756
[19, 21] = 0.10465
[19, 22] = 0.143497
[19, 23] = 0.139356
[19, 24] = 0.113256
[19, 25] = 0.070388
[19, 26] = 0.125324
[19, 27] = 0.261156
[19, 28] = 0.231959
[19, 29] = 0.176953
[19, 30] = 0.455599
[19, 31] = 0.217008
[20, 0] = 0.0799125
[20, 1] = 0.124024
[20, 2] = 0.378981
[20, 3] = 0.177802
[20, 4] = 0.254558
[20, 5] = 0.36538
[20, 6] = 0.359241
[20, 7] = 0.794945
[20, 8] = 0.0132266
[20, 9] = 0.155779
[20, 10] = 0.147059
[20, 11] = 0.131799
[20, 12] = 0.0901232
[20, 13] = 0.142207
[20, 14] = 0.0676039
[20, 15] = 0.129348
[20, 16] = 0.0411757
[20, 17] = 0.108926
[20, 18] = 0.0430835
[20, 19] = 0.138874
[20, 20] = 0.158509
[20, 21] = 0.0796957
[20, 22] = 0.234163
[20, 23] = 0.199443
[20, 24] = 0.133939
[20, 25] = 0.488023
[20, 26] = 0.346024
[20, 27] = 0.548
[20, 28] = 0.250502
[20, 29] = 0.202986
[20, 30] = 0.511975
[20, 31] = 0.332175
[21, 0] = 0.115699
[21, 1] = 0.0937494
[21, 2] = 0.0784974
[21, 3] = 0.270102
[21, 4] = 0.273198
[21, 5] = 0.292937
[21, 6] = 0.303067
[21, 7] = 0.388452
[21, 8] = 0.247389
[21, 9] = 0.326728
[21, 10] = 0.221031
[21, 11] = 0.269859
[21, 12] = 0.310955
[21, 13] = 0.105596
[21, 14] = 0.106927
[21, 15] = 0.126304
[21, 16] = 0.022598
[21, 17] = 0.0687477
[21, 18] = 0.07769
[21, 19] = 0.0511475
[21, 20] = 0.312595
[21, 21] = 0.270165
[21, 22] = 0.222715
[21, 23] = 0.141125
[21, 24] = 0.235421
[21, 25] = 0.120489
[21, 26] = 0.443337
[21, 27] = 0.374342
[21, 28] = 0.461071
[21, 29] = 0.253267
[21, 30] = 0.120097
[21, 31] = 0.534673
[22, 0] = 0.314125
[22, 1] = 0.286233
[22, 2] = 0.983333
[22, 3] = 0.591158
[22, 4] = 0.330274
[22, 5] = 0.247019
[22, 6] = 0.273322
[22, 7] = 0.418667
[22, 8] = 0.648465
[22, 9] = 0.457239
[22, 10] = 0.167664
[22, 11] = 0.338914
[22, 12] = 0.0329342
[22, 13] = 0.0659444
[22, 14] = 0.0635026
[22, 15] = 0.159803
[22, 16] = 0.063368
[22, 17] = 0.18015
[22, 18] = 0.0671029
[22, 19] = 0.139542
[22, 20] = 0.0303224
[22, 21] = 0.360791
[22, 22] = 0.0477399
[22, 23] = 0.229147
[22, 24] = 0.233666
[22, 25] = 0.292842
[22, 26] = 0.806281
[22, 27] = 0.223425
[22, 28] = 0.391355
[22, 29] = 0.441894
[22, 30] = 1.33265
[22, 31] = 0.457655
[23, 0] = 0.076785
[23, 1] = 0.344926
[23, 2] = 1.48806
[23, 3] = 0.593743
[23, 4] = 0.831046
[23, 5] = 1.20447
[23, 6] = 0.355108
[23, 7] = 0.823892
[23, 8] = 0.39373
[23, 9] = 0.231981
[23, 10] = 0.340352
[23, 11] = 0.119283
[23, 12] = 0.0960044
[23, 13] = 0.129623
[23, 14] = 0.152325
[23, 15] = 0.0521145
[23, 16] = 0.105923
[23, 17] = 0.151266
[23, 18] = 0.0965231
[23, 19] = 0.135692
[23, 20] = 0.0704868
[23, 21] = 0.236192
[23, 22] = 0.38318
[23, 23] = 0.0574301
[23, 24] = 0.209364
[23, 25] = 0.929596
[23, 26] = 0.366583
[23, 27] = 0.829399
[23, 28] = 0.148908
[23, 29] = 0.364912
[23, 30] = 1.45557
[23, 31] = 1.25685
[24, 0] = 0.159121
[24, 1] = 1.12899
[24, 2] = 0.913256
[24, 3] = 0.835489
[24, 4] = 0.498659
[24, 5] = 0.673925
[24, 6] = 1.424
[24, 7] = 0.677446
[24, 8] = 0.434716
[24, 9] = 0.429668
[24, 10] = 0.371805
[24, 11] = 0.354708
[24, 12] = 0.193671
[24, 13] = 0.0311196
[24, 14] = 0.0895962
[24, 15] = 0.0959406
[24, 16] = 0.0478516
[24, 17] = 0.061093
[24, 18] = 0.0555517
[24, 19] = 0.0447758
[24, 20] = 0.218065
[24, 21] = 0.425692
[24, 22] = 0.396976
[24, 23] = 0.681946
[24, 24] = 0.552281
[24, 25] = 0.333886
[24, 26] = 0.959657
[24, 27] = 0.649845
[24, 28] = 0.511359
[24, 29] = 0.975867
[24, 30] = 1.35715
[24, 31] = 0.606496
[25, 0] = 0.974811
[25, 1] = 0.340932
[25, 2] = 1.82586
[25, 3] = 1.41671
[25, 4] = 0.663096
[25, 5] = 0.52388
[25, 6] = 0.483133
[25, 7] = 0.373815
[25, 8] = 0.302821
[25, 9] = 0.132901
[25, 10] = 0.236402
[25, 11] = 0.167617
[25, 12] = 0.135454
[25, 13] = 0.148402
[25, 14] = 0.273034
[25, 15] = 0.0485039
[25, 16] = 0.0240798
[25, 17] = 0.0646976
[25, 18] = 0.281955
[25, 19] = 0.134462
[25, 20] = 0.0287193
[25, 21] = 0.374856
[25, 22] = 0.30272
[25, 23] = 0.135668
[25, 24] = 0.428478
[25, 25] = 0.564369
[25, 26] = 1.35276
[25, 27] = 1.80071
[25, 28] = 1.81021
[25, 29] = 2.23489
[25, 30] = 3.79158
[25, 31] = 0.820367
[26, 0] = 1.40345
[26, 1] = 0.808081
[26, 2] = 1.89309
[26, 3] = 1.2612
[26, 4] = 1.55897
[26, 5] = 0.694766
[26, 6] = 0.624663
[26, 7] = 0.11092
[26, 8] = 0.514089
[26, 9] = 0.890031
[26, 10] = 0.162044
[26, 11] = 0.322726
[26, 12] = 0.144658
[26, 13] = 0.109082
[26, 14] = 0.434644
[26, 15] = 0.193793
[26, 16] = 0.152822
[26, 17] = 0.156945
[26, 18] = 0.308813
[26, 19] = 0.167297
[26, 20] = 0.239322
[26, 21] = 0.337135
[26, 22] = 0.435819
[26, 23] = 0.696184
[26, 24] = 0.495153
[26, 25] = 0.397491
[26, 26] = 0.916599
[26, 27] = 0.488401
[26, 28] = 2.35495
[26, 29] = 1.25231
[26, 30] = 1.48833
[26, 31] = 2.17545
[27, 0] = 0.350732
[27, 1] = 0.353653
[27, 2] = 2.25952
[27, 3] = 0.653046
[27, 4] = 1.18299
[27, 5] = 0.445724
[27, 6] = 0.898201
[27, 7] = 0.326614
[27, 8] = 0.206348
[27, 9] = 0.365836
[27, 10] = 0.0776033
[27, 11] = 0.126535
[27, 12] = 0.578752
[27, 13] = 0.259757
[27, 14] = 0.180305
[27, 15] = 0.0889155
[27, 16] = 0.189382
[27, 17] = 0.163881
[27, 18] = 0.103745
[27, 19] = 0.165157
[27, 20] = 0.676255
[27, 21] = 0.221661
[27, 22] = 0.176908
[27, 23] = 0.551187
[27, 24] = 0.386581
[27, 25] = 0.361464
[27, 26] = 1.06968
[27, 27] = 0.910684
[27, 28] = 0.800846
[27, 29] = 0.839191
[27, 30] = 2.54403
[27, 31] = 0.674747
[28, 0] = 3.29487
[28, 1] = 2.16791
[28, 2] = 1.80133
[28, 3] = 1.13829
[28, 4] = 0.426744
[28, 5] = 0.765466
[28, 6] = 0.731269
[28, 7] = 0.793585
[28, 8] = 0.335398
[28, 9] = 0.347367
[28, 10] = 0.543923
[28, 11] = 0.415853
[28, 12] = 0.291745
[28, 13] = 0.129093
[28, 14] = 0.355659
[28, 15] = 0.150024
[28, 16] = 0.14665
[28, 17] = 0.123134
[28, 18] = 0.388594
[28, 19] = 0.126371
[28, 20] = 0.0625701
[28, 21] = 0.205102
[28, 22] = 0.596759
[28, 23] = 0.578788
[28, 24] = 0.477721
[28, 25] = 0.304097
[28, 26] = 1.06139
[28, 27] = 0.253241
[28, 28] = 0.449769
[28, 29] = 1.28471
[28, 30] = 2.50249
[28, 31] = 1.07245
[29, 0] = 1.07832
[29, 1] = 1.05644
[29, 2] = 0.933662
[29, 3] = 0.514958
[29, 4] = 0.384009
[29, 5] = 0.352823
[29, 6] = 0.600954
[29, 7] = 0.513574
[29, 8] = 0.0873812
[29, 9] = 0.740793
[29, 10] = 0.633688
[29, 11] = 0.1607
[29, 12] = 0.212735
[29, 13] = 0.0797097
[29, 14] = 0.30008
[29, 15] = 0.0430028
[29, 16] = 0.0541483
[29, 17] = 0.0824846
[29, 18] = 0.424792
[29, 19] = 0.0509171
[29, 20] = 0.181277
[29, 21] = 0.204085
[29, 22] = 0.441405
[29, 23] = 0.418509
[29, 24] = 0.259398
[29, 25] = 0.363689
[29, 26] = 0.340654
[29, 27] = 0.352345
[29, 28] = 0.514719
[29, 29] = 0.988472
[29, 30] = 1.13848
[29, 31] = 0.370467
[30, 0] = 0.980184
[30, 1] = 1.40104
[30, 2] = 2.52177
[30, 3] = 0.606028
[30, 4] = 1.03828
[30, 5] = 0.869335
[30, 6] = 0.448041
[30, 7] = 0.510762
[30, 8] = 0.792682
[30, 9] = 0.644243
[30, 10] = 0.547457
[30, 11] = 0.523106
[30, 12] = 0.53552
[30, 13] = 0.205241
[30, 14] = 0.299793
[30, 15] = 0.242977
[30, 16] = 0.0567718
[30, 17] = 0.227615
[30, 18] = 0.198496
[30, 19] = 0.366403
[30, 20] = 0.347693
[30, 21] = 0.244454
[30, 22] = 0.429771
[30, 23] = 0.677252
[30, 24] = 1.12008
[30, 25] = 0.573262
[30, 26] = 0.453028
[30, 27] = 1.00292
[30, 28] = 1.03027
[30, 29] = 1.27941
[30, 30] = 1.38676
[30, 31] = 1.74679
[31, 0] = 0.0758108
[31, 1] = 0.760632
[31, 2] = 1.23047
[31, 3] = 0.494188
[31, 4] = 0.28948
[31, 5] = 0.620296
[31, 6] = 0.492886
[31, 7] = 0.256007
[31, 8] = 0.255364
[31, 9] = 0.473027
[31, 10] = 0.313502
[31, 11] = 0.233399
[31, 12] = 0.183439
[31, 13] = 0.00385636
[31, 14] = 0.114823
[31, 15] = 0.0305677
[31, 16] = 0.0485057
[31, 17] = 0.0515676
[31, 18] = 0.0617786
[31, 19] = 0.0413667
[31, 20] = 0.200912
[31, 21] = 0.300536
[31, 22] = 0.357608
[31, 23] = 0.598007
[31, 24] = 0.270637
[31, 25] = 0.626646
[31, 26] = 0.513461
[31, 27] = 0.263685
[31, 28] = 0.317567
[31, 29] = 0.287155
[31, 30] = 0.887023
[31, 31] = 1.04873
