[0, 0] = 174.373
[0, 1] = 2.14893
[0, 2] = 2.9847
[0, 3] = 2.12647
[0, 4] = 4.82789
[0, 5] = 1.24699
[0, 6] = 2.1519
[0, 7] = 0.79438
[0, 8] = 0.922858
[0, 9] = 0.841222
[0, 10] = 0.873724
[0, 11] = 0.259679
[0, 12] = 0.650886
[0, 13] = 0.599109
[0, 14] = 0.373479
[0, 15] = 0.392603
[0, 16] = 0.480469
[0, 17] = 0.392592
[0, 18] = 0.373516
[0, 19] = 0.599044
[0, 20] = 0.650889
[0, 21] = 0.259783
[0, 22] = 0.87373
[0, 23] = 0.841246
[0, 24] = 0.922883
[0, 25] = 0.794373
[0, 26] = 2.15195
[0, 27] = 1.24684
[0, 28] = 4.8279
[0, 29] = 2.12634
[0, 30] = 2.98509
[0, 31] = 2.14997
[1, 0] = 3.72732
[1, 1] = 3.20778
[1, 2] = 2.33272
[1, 3] = 0.0989527
[1, 4] = 0.803322
[1, 5] = 1.37395
[1, 6] = 0.782292
[1, 7] = 0.297549
[1, 8] = 0.631156
[1, 9] = 0.448259
[1, 10] = 0.33515
[1, 11] = 0.338114
[1, 12] = 0.087247
[1, 13] = 0.00298043
[1, 14] = 0.131414
[1, 15] = 0.157836
[1, 16] = 0.23654
[1, 17] = 0.340938
[1, 18] = 0.132679
[1, 19] = 0.0885022
[1, 20] = 0.181033
[1, 21] = 0.526446
[1, 22] = 0.591276
[1, 23] = 0.511806
[1, 24] = 0.416127
[1, 25] = 0.78915
[1, 26] = 0.786173
[1, 27] = 1.30624
[1, 28] = 0.990719
[1, 29] = 0.911102
[1, 30] = 4.70443
[1, 31] = 3.05046
[2, 0] = 15.7846
[2, 1] = 2.09374
[2, 2] = 3.5867
[2, 3] = 4.29627
[2, 4] = 4.15413
[2, 5] = 1.47403
[2, 6] = 1.91182
[2, 7] = 0.307202
[2, 8] = 0.623658
[2, 9] = 0.8954
[2, 10] = 0.541508
[2, 11] = 0.120513
[2, 12] = 0.349504
[2, 13] = 0.33407
[2, 14] = 0.194534
[2, 15] = 0.153376
[2, 16] = 0.0401346
[2, 17] = 0.153099
[2, 18] = 0.280854
[2, 19] = 0.274204
[2, 20] = 0.337671
[2, 21] = 0.112924
[2, 22] = 0.438067
[2, 23] = 0.734
[2, 24] = 0.571676
[2, 25] = 0.258094
[2, 26] = 1.68162
[2, 27] = 1.37211
[2, 28] = 3.83889
[2, 29] = 3.76473
[2, 30] = 4.11945
[2, 31] = 1.77226
[3, 0] = 0.315776
[3, 1] = 2.59576
[3, 2] = 1.49034
[3, 3] = 1.84364
[3, 4] = 2.32104
[3, 5] = 2.39551
[3, 6] = 0.515881
[3, 7] = 0.818089
[3, 8] = 1.27651
[3, 9] = 0.32399
[3, 10] = 0.0952282
[3, 11] = 0.180757
[3, 12] = 0.323175
[3, 13] = 0.0795137
[3, 14] = 0.0340827
[3, 15] = 0.047998
[3, 16] = 0.00450277
[3, 17] = 0.173099
[3, 18] = 0.0586244
[3, 19] = 0.200027
[3, 20] = 0.397225
[3, 21] = 0.207413
[3, 22] = 0.433367
[3, 23] = 0.510328
[3, 24] = 1.03108
[3, 25] = 0.823825
[3, 26] = 1.16248
[3, 27] = 2.65917
[3, 28] = 1.33482
[3, 29] = 1.38316
[3, 30] = 3.48428
[3, 31] = 3.51236
[4, 0] = 3.24352
[4, 1] = 1.27516
[4, 2] = 0.730209
[4, 3] = 1.0012
[4, 4] = 1.05441
[4, 5] = 0.498369
[4, 6] = 0.669884
[4, 7] = 0.679267
[4, 8] = 0.564726
[4, 9] = 0.171286
[4, 10] = 0.440587
[4, 11] = 0.310082
[4, 12] = 0.427356
[4, 13] = 0.158914
[4, 14] = 0.16146
[4, 15] = 0.117253
[4, 16] = 0.0283242
[4, 17] = 0.119488
[4, 18] = 0.117694
[4, 19] = 0.201617
[4, 20] = 0.435926
[4, 21] = 0.499076
[4, 22] = 0.460148
[4, 23] = 0.34078
[4, 24] = 0.755269
[4, 25] = 0.275651
[4, 26] = 1.28274
[4, 27] = 0.274745
[4, 28] = 0.326371
[4, 29] = 1.55493
[4, 30] = 1.10703
[4, 31] = 0.825122
[5, 0] = 1.1074
[5, 1] = 2.12189
[5, 2] = 3.4811
[5, 3] = 1.391
[5, 4] = 1.54229
[5, 5] = 0.503824
[5, 6] = 0.896852
[5, 7] = 0.480689
[5, 8] = 0.540479
[5, 9] = 0.395375
[5, 10] = 0.205705
[5, 11] = 0.259397
[5, 12] = 0.105611
[5, 13] = 0.272343
[5, 14] = 0.0383634
[5, 15] = 0.228576
[5, 16] = 0.0258731
[5, 17] = 0.200368
[5, 18] = 0.214095
[5, 19] = 0.263693
[5, 20] = 0.0761343
[5, 21] = 0.286604
[5, 22] = 0.600778
[5, 23] = 0.841792
[5, 24] = 0.779877
[5, 25] = 0.74806
[5, 26] = 1.35539
[5, 27] = 0.702515
[5, 28] = 2.0109
[5, 29] = 0.771057
[5, 30] = 2.89484
[5, 31] = 1.82889
[6, 0] = 0.648848
[6, 1] = 0.977563
[6, 2] = 0.721521
[6, 3] = 1.40298
[6, 4] = 0.232291
[6, 5] = 0.775767
[6, 6] = 0.490277
[6, 7] = 0.407428
[6, 8] = 0.642945
[6, 9] = 0.411579
[6, 10] = 0.33911
[6, 11] = 0.348724
[6, 12] = 0.0754418
[6, 13] = 0.2916
[6, 14] = 0.24964
[6, 15] = 0.11897
[6, 16] = 0.104094
[6, 17] = 0.134707
[6, 18] = 0.226405
[6, 19] = 0.263985
[6, 20] = 0.175554
[6, 21] = 0.389636
[6, 22] = 0.524251
[6, 23] = 0.404171
[6, 24] = 0.500646
[6, 25] = 0.719568
[6, 26] = 0.588584
[6, 27] = 1.08389
[6, 28] = 0.306419
[6, 29] = 2.24154
[6, 30] = 2.08339
[6, 31] = 0.789039
[7, 0] = 0.990995
[7, 1] = 0.812731
[7, 2] = 0.754949
[7, 3] = 2.09638
[7, 4] = 1.46415
[7, 5] = 0.744948
[7, 6] = 0.135077
[7, 7] = 0.600499
[7, 8] = 0.109133
[7, 9] = 0.458541
[7, 10] = 0.258358
[7, 11] = 0.130954
[7, 12] = 0.078141
[7, 13] = 0.044978
[7, 14] = 0.143228
[7, 15] = 0.060277
[7, 16] = 0.0648253
[7, 17] = 0.0243704
[7, 18] = 0.23006
[7, 19] = 0.0572364
[7, 20] = 0.165999
[7, 21] = 0.100454
[7, 22] = 0.241911
[7, 23] = 0.169312
[7, 24] = 1.04734
[7, 25] = 0.757595
[7, 26] = 0.28639
[7, 27] = 0.800662
[7, 28] = 1.66667
[7, 29] = 1.88772
[7, 30] = 1.72753
[7, 31] = 1.78882
[8, 0] = 0.361289
[8, 1] = 0.328499
[8, 2] = 0.662047
[8, 3] = 0.598322
[8, 4] = 0.471594
[8, 5] = 0.94652
[8, 6] = 0.614774
[8, 7] = 0.135344
[8, 8] = 0.619084
[8, 9] = 0.700938
[8, 10] = 0.366304
[8, 11] = 0.357851
[8, 12] = 0.166368
[8, 13] = 0.180449
[8, 14] = 0.0128782
[8, 15] = 0.118997
[8, 16] = 0.00976625
[8, 17] = 0.157277
[8, 18] = 0.208262
[8, 19] = 0.210359
[8, 20] = 0.18537
[8, 21] = 0.34761
[8, 22] = 0.36252
[8, 23] = 0.781513
[8, 24] = 0.567585
[8, 25] = 0.0795079
[8, 26] = 0.136434
[8, 27] = 0.63641
[8, 28] = 0.358973
[8, 29] = 0.561683
[8, 30] = 0.707416
[8, 31] = 0.372142
[9, 0] = 0.480916
[9, 1] = 0.461849
[9, 2] = 0.738317
[9, 3] = 1.31481
[9, 4] = 0.878492
[9, 5] = 0.280421
[9, 6] = 0.476702
[9, 7] = 0.633451
[9, 8] = 0.173188
[9, 9] = 0.059455
[9, 10] = 0.30116
[9, 11] = 0.0991304
[9, 12] = 0.0749138
[9, 13] = 0.145859
[9, 14] = 0.0718661
[9, 15] = 0.0390599
[9, 16] = 0.065073
[9, 17] = 0.0552436
[9, 18] = 0.122356
[9, 19] = 0.156681
[9, 20] = 0.0910958
[9, 21] = 0.346887
[9, 22] = 0.300154
[9, 23] = 0.285335
[9, 24] = 0.167269
[9, 25] = 0.543677
[9, 26] = 0.552501
[9, 27] = 0.370282
[9, 28] = 0.307539
[9, 29] = 0.798547
[9, 30] = 0.663612
[9, 31] = 0.23665
[10, 0] = 0.385669
[10, 1] = 0.209614
[10, 2] = 0.288052
[10, 3] = 1.31972
[10, 4] = 0.963237
[10, 5] = 0.954246
[10, 6] = 0.470569
[10, 7] = 0.31112
[10, 8] = 0.473781
[10, 9] = 0.270279
[10, 10] = 0.351295
[10, 11] = 0.0484752
[10, 12] = 0.0317615
[10, 13] = 0.141092
[10, 14] = 0.0203966
[10, 15] = 0.0578706
[10, 16] = 0.0188662
[10, 17] = 0.062375
[10, 18] = 0.0812227
[10, 19] = 0.264028
[10, 20] = 0.0952482
[10, 21] = 0.202676
[10, 22] = 0.365725
[10, 23] = 0.521743
[10, 24] = 0.358566
[10, 25] = 0.541171
[10, 26] = 0.355442
[10, 27] = 0.768126
[10, 28] = 0.99103
[10, 29] = 0.852822
[10, 30] = 0.519461
[10, 31] = 0.382003
[11, 0] = 0.74638
[11, 1] = 0.271736
[11, 2] = 0.274356
[11, 3] = 0.547833
[11, 4] = 0.0820029
[11, 5] = 0.853588
[11, 6] = 0.324442
[11, 7] = 0.385371
[11, 8] = 0.0899847
[11, 9] = 0.0632649
[11, 10] = 0.0909402
[11, 11] = 0.113172
[11, 12] = 0.148285
[11, 13] = 0.154796
[11, 14] = 0.0591869
[11, 15] = 0.0603864
[11, 16] = 0.0328947
[11, 17] = 0.0699757
[11, 18] = 0.0593423
[11, 19] = 0.181673
[11, 20] = 0.169483
[11, 21] = 0.123438
[11, 22] = 0.196485
[11, 23] = 0.0522686
[11, 24] = 0.0675017
[11, 25] = 0.108693
[11, 26] = 0.47345
[11, 27] = 0.785037
[11, 28] = 0.137997
[11, 29] = 0.757924
[11, 30] = 0.183806
[11, 31] = 0.247401
[12, 0] = 0.406819
[12, 1] = 0.624933
[12, 2] = 0.545343
[12, 3] = 0.348608
[12, 4] = 0.16545
[12, 5] = 0.138819
[12, 6] = 0.122628
[12, 7] = 0.257485
[12, 8] = 0.159236
[12, 9] = 0.203109
[12, 10] = 0.0893316
[12, 11] = 0.297
[12, 12] = 0.164418
[12, 13] = 0.0365461
[12, 14] = 0.056112
[12, 15] = 0.062908
[12, 16] = 0.0283193
[12, 17] = 0.0735005
[12, 18] = 0.0273788
[12, 19] = 0.0860333
[12, 20] = 0.145073
[12, 21] = 0.326472
[12, 22] = 0.216342
[12, 23] = 0.338909
[12, 24] = 0.112165
[12, 25] = 0.341015
[12, 26] = 0.187081
[12, 27] = 0.112464
[12, 28] = 0.107075
[12, 29] = 0.151219
[12, 30] = 0.293022
[12, 31] = 0.323181
[13, 0] = 0.352052
[13, 1] = 0.140899
[13, 2] = 0.255434
[13, 3] = 0.359136
[13, 4] = 0.149537
[13, 5] = 0.276221
[13, 6] = 0.0769329
[13, 7] = 0.144766
[13, 8] = 0.108698
[13, 9] = 0.0340487
[13, 10] = 0.0797223
[13, 11] = 0.0906177
[13, 12] = 0.0164945
[13, 13] = 0.0432561
[13, 14] = 0.101284
[13, 15] = 0.0511514
[13, 16] = 0.0490795
[13, 17] = 0.0868991
[13, 18] = 0.116178
[13, 19] = 0.0011318
[13, 20] = 0.126886
[13, 21] = 0.0721913
[13, 22] = 0.0907847
[13, 23] = 0.0522419
[13, 24] = 0.131762
[13, 25] = 0.162432
[13, 26] = 0.143834
[13, 27] = 0.243793
[13, 28] = 0.0478479
[13, 29] = 0.165103
[13, 30] = 0.409423
[13, 31] = 0.161007
[14, 0] = 0.439407
[14, 1] = 0.0359087
[14, 2] = 0.169793
[14, 3] = 0.0839527
[14, 4] = 0.170862
[14, 5] = 0.062691
[14, 6] = 0.0762262
[14, 7] = 0.151447
[14, 8] = 0.0144353
[14, 9] = 0.0308892
[14, 10] = 0.111853
[14, 11] = 0.301594
[14, 12] = 0.0688221
[14, 13] = 0.0313209
[14, 14] = 0.0738221
[14, 15] = 0.0459732
[14, 16] = 0.069939
[14, 17] = 0.0122171
[14, 18] = 0.0773824
[14, 19] = 0.0262293
[14, 20] = 0.0890737
[14, 21] = 0.244976
[14, 22] = 0.121313
[14, 23] = 0.0956299
[14, 24] = 0.0707713
[14, 25] = 0.157597
[14, 26] = 0.0643279
[14, 27] = 0.013122
[14, 28] = 0.151084
[14, 29] = 0.0968431
[14, 30] = 0.173872
[14, 31] = 0.15932
[15, 0] = 0.49375
[15, 1] = 0.308236
[15, 2] = 0.283332
[15, 3] = 0.146841
[15, 4] = 0.176064
[15, 5] = 0.187385
[15, 6] = 0.0993181
[15, 7] = 0.110439
[15, 8] = 0.108984
[15, 9] = 0.125932
[15, 10] = 0.0518716
[15, 11] = 0.146767
[15, 12] = 0.0564694
[15, 13] = 0.0442795
[15, 14] = 0.0908578
[15, 15] = 0.0184205
[15, 16] = 0.0180522
[15, 17] = 0.0435601
[15, 18] = 0.138246
[15, 19] = 0.0261031
[15, 20] = 0.0624074
[15, 21] = 0.171509
[15, 22] = 0.0789738
[15, 23] = 0.166175
[15, 24] = 0.100042
[15, 25] = 0.0899992
[15, 26] = 0.0885167
[15, 27] = 0.20302
[15, 28] = 0.226769
[15, 29] = 0.148243
[15, 30] = 0.141429
[15, 31] = 0.151696
[16, 0] = 0.556641
[16, 1] = 0.192879
[16, 2] = 0.261081
[16, 3] = 0.121062
[16, 4] = 0.108687
[16, 5] = 0.0945476
[16, 6] = 0.0678996
[16, 7] = 0.073616
[16, 8] = 0.0197736
[16, 9] = 0.068451
[16, 10] = 0.0186952
[16, 11] = 0.0349471
[16, 12] = 0.0808666
[16, 13] = 0.0874319
[16, 14] = 0.00945465
[16, 15] = 0.00983259
[16, 16] = 0.0273438
[16, 17] = 0.00983197
[16, 18] = 0.00945324
[16, 19] = 0.0874307
[16, 20] = 0.0808694
[16, 21] = 0.0349489
[16, 22] = 0.0186953
[16, 23] = 0.0684519
[16, 24] = 0.0197734
[16, 25] = 0.0736176
[16, 26] = 0.0679009
[16, 27] = 0.0945488
[16, 28] = 0.108688
[16, 29] = 0.121062
[16, 30] = 0.261079
[16, 31] = 0.192878
[17, 0] = 0.493764
[17, 1] = 0.169653
[17, 2] = 0.121937
[17, 3] = 0.0685844
[17, 4] = 0.153352
[17, 5] = 0.0998436
[17, 6] = 0.128147
[17, 7] = 0.0568399
[17, 8] = 0.0328482
[17, 9] = 0.136397
[17, 10] = 0.0598123
[17, 11] = 0.172361
[17, 12] = 0.0707124
[17, 13] = 0.026965
[17, 14] = 0.105601
[17, 15] = 0.0431828
[17, 16] = 0.0180513
[17, 17] = 0.0175105
[17, 18] = 0.017166
[17, 19] = 0.044796
[17, 20] = 0.0655331
[17, 21] = 0.147771
[17, 22] = 0.00561738
[17, 23] = 0.0827557
[17, 24] = 0.0542985
[17, 25] = 0.0856028
[17, 26] = 0.13583
[17, 27] = 0.0621919
[17, 28] = 0.0556091
[17, 29] = 0.0655171
[17, 30] = 0.274118
[17, 31] = 0.317457
[18, 0] = 0.439434
[18, 1] = 0.254797
[18, 2] = 0.172861
[18, 3] = 0.109904
[18, 4] = 0.148295
[18, 5] = 0.0742861
[18, 6] = 0.0725085
[18, 7] = 0.077407
[18, 8] = 0.0914601
[18, 9] = 0.13106
[18, 10] = 0.0752817
[18, 11] = 0.0985936
[18, 12] = 0.0787734
[18, 13] = 0.0186154
[18, 14] = 0.0765656
[18, 15] = 0.0479839
[18, 16] = 0.0699376
[18, 17] = 0.0653209
[18, 18] = 0.0729648
[18, 19] = 0.025291
[18, 20] = 0.0548422
[18, 21] = 0.20166
[18, 22] = 0.0588339
[18, 23] = 0.0947923
[18, 24] = 0.0597126
[18, 25] = 0.0639756
[18, 26] = 0.0832548
[18, 27] = 0.0963149
[18, 28] = 0.168407
[18, 29] = 0.0987321
[18, 30] = 0.168758
[18, 31] = 0.202063
[19, 0] = 0.352083
[19, 1] = 0.177446
[19, 2] = 0.428072
[19, 3] = 0.499426
[19, 4] = 0.0828717
[19, 5] = 0.0956899
[19, 6] = 0.171904
[19, 7] = 0.0923468
[19, 8] = 0.103012
[19, 9] = 0.10727
[19, 10] = 0.0792943
[19, 11] = 0.0136716
[19, 12] = 0.171002
[19, 13] = 0.0441937
[19, 14] = 0.097625
[19, 15] = 0.0819912
[19, 16] = 0.049079
[19, 17] = 0.0422805
[19, 18] = 0.0793231
[19, 19] = 0.0618299
[19, 20] = 0.115818
[19, 21] = 0.0564525
[19, 22] = 0.0663459
[19, 23] = 0.0996802
[19, 24] = 0.0711778
[19, 25] = 0.0556877
[19, 26] = 0.121593
[19, 27] = 0.161312
[19, 28] = 0.164131
[19, 29] = 0.592566
[19, 30] = 0.284343
[19, 31] = 0.159427
[20, 0] = 0.406872
[20, 1] = 0.437207
[20, 2] = 0.226554
[20, 3] = 0.282553
[20, 4] = 0.185889
[20, 5] = 0.152205
[20, 6] = 0.278298
[20, 7] = 0.451973
[20, 8] = 0.106673
[20, 9] = 0.28453
[20, 10] = 0.283216
[20, 11] = 0.194735
[20, 12] = 0.0707443
[20, 13] = 0.0854181
[20, 14] = 0.0599919
[20, 15] = 0.0734628
[20, 16] = 0.0283216
[20, 17] = 0.0628642
[20, 18] = 0.0774454
[20, 19] = 0.0350711
[20, 20] = 0.104837
[20, 21] = 0.139812
[20, 22] = 0.203444
[20, 23] = 0.0857652
[20, 24] = 0.155416
[20, 25] = 0.392791
[20, 26] = 0.239763
[20, 27] = 0.172589
[20, 28] = 0.224647
[20, 29] = 0.42251
[20, 30] = 0.512689
[20, 31] = 0.690811
[21, 0] = 0.746452
[21, 1] = 0.256524
[21, 2] = 0.0653086
[21, 3] = 0.552657
[21, 4] = 0.124744
[21, 5] = 0.454458
[21, 6] = 0.561062
[21, 7] = 0.24354
[21, 8] = 0.0288283
[21, 9] = 0.0380045
[21, 10] = 0.187525
[21, 11] = 0.130818
[21, 12] = 0.138403
[21, 13] = 0.177236
[21, 14] = 0.0580195
[21, 15] = 0.0433868
[21, 16] = 0.0328919
[21, 17] = 0.025154
[21, 18] = 0.057861
[21, 19] = 0.149568
[21, 20] = 0.111447
[21, 21] = 0.121174
[21, 22] = 0.0694832
[21, 23] = 0.0521035
[21, 24] = 0.0661063
[21, 25] = 0.442738
[21, 26] = 0.442615
[21, 27] = 0.5647
[21, 28] = 0.0569328
[21, 29] = 0.17636
[21, 30] = 0.213866
[21, 31] = 0.280057
[22, 0] = 0.385741
[22, 1] = 0.417565
[22, 2] = 0.446771
[22, 3] = 0.630689
[22, 4] = 0.711364
[22, 5] = 0.590125
[22, 6] = 0.223133
[22, 7] = 0.455012
[22, 8] = 0.0362443
[22, 9] = 0.548478
[22, 10] = 0.17747
[22, 11] = 0.334984
[22, 12] = 0.119074
[22, 13] = 0.232388
[22, 14] = 0.0979902
[22, 15] = 0.0981071
[22, 16] = 0.0188667
[22, 17] = 0.0952993
[22, 18] = 0.0584802
[22, 19] = 0.064841
[22, 20] = 0.0782107
[22, 21] = 0.271073
[22, 22] = 0.145446
[22, 23] = 0.318835
[22, 24] = 0.311783
[22, 25] = 0.104742
[22, 26] = 0.380655
[22, 27] = 0.81781
[22, 28] = 0.672124
[22, 29] = 1.18833
[22, 30] = 0.112708
[22, 31] = 0.269015
[23, 0] = 0.481011
[23, 1] = 0.598123
[23, 2] = 0.299074
[23, 3] = 1.07118
[23, 4] = 0.474393
[23, 5] = 0.801113
[23, 6] = 0.371093
[23, 7] = 0.465984
[23, 8] = 0.0675944
[23, 9] = 0.375461
[23, 10] = 0.128689
[23, 11] = 0.403875
[23, 12] = 0.162703
[23, 13] = 0.185856
[23, 14] = 0.151583
[23, 15] = 0.0986214
[23, 16] = 0.0650772
[23, 17] = 0.0905578
[23, 18] = 0.114775
[23, 19] = 0.176825
[23, 20] = 0.15422
[23, 21] = 0.229386
[23, 22] = 0.131032
[23, 23] = 0.251196
[23, 24] = 0.0811395
[23, 25] = 0.568171
[23, 26] = 0.244355
[23, 27] = 0.763731
[23, 28] = 0.949846
[23, 29] = 1.49619
[23, 30] = 0.440606
[23, 31] = 0.717662
[24, 0] = 0.361444
[24, 1] = 0.275044
[24, 2] = 0.817671
[24, 3] = 0.197269
[24, 4] = 0.25877
[24, 5] = 0.0799665
[24, 6] = 0.477214
[24, 7] = 0.0644009
[24, 8] = 0.495583
[24, 9] = 0.404413
[24, 10] = 0.148205
[24, 11] = 0.133725
[24, 12] = 0.216095
[24, 13] = 0.21651
[24, 14] = 0.301782
[24, 15] = 0.136715
[24, 16] = 0.00976489
[24, 17] = 0.0900794
[24, 18] = 0.218783
[24, 19] = 0.187578
[24, 20] = 0.200027
[24, 21] = 0.158479
[24, 22] = 0.157204
[24, 23] = 0.210055
[24, 24] = 0.553806
[24, 25] = 0.127047
[24, 26] = 0.766203
[24, 27] = 0.705173
[24, 28] = 0.400631
[24, 29] = 0.285374
[24, 30] = 0.778718
[24, 31] = 0.212345
[25, 0] = 0.991121
[25, 1] = 2.49742
[25, 2] = 1.79917
[25, 3] = 0.952423
[25, 4] = 1.42664
[25, 5] = 1.00352
[25, 6] = 0.278801
[25, 7] = 0.473391
[25, 8] = 1.51786
[25, 9] = 0.274777
[25, 10] = 0.0912841
[25, 11] = 0.116123
[25, 12] = 0.201058
[25, 13] = 0.0729886
[25, 14] = 0.18342
[25, 15] = 0.0294783
[25, 16] = 0.0648249
[25, 17] = 0.0625198
[25, 18] = 0.0351094
[25, 19] = 0.0638308
[25, 20] = 0.137734
[25, 21] = 0.143332
[25, 22] = 0.12867
[25, 23] = 0.507065
[25, 24] = 1.10402
[25, 25] = 0.103787
[25, 26] = 0.118167
[25, 27] = 0.959649
[25, 28] = 1.18372
[25, 29] = 1.31851
[25, 30] = 0.906966
[25, 31] = 1.92295
[26, 0] = 0.648686
[26, 1] = 0.805834
[26, 2] = 3.05272
[26, 3] = 2.74622
[26, 4] = 0.296741
[26, 5] = 0.758218
[26, 6] = 0.475129
[26, 7] = 0.649834
[26, 8] = 0.458015
[26, 9] = 0.650206
[26, 10] = 0.493208
[26, 11] = 0.491275
[26, 12] = 0.219485
[26, 13] = 0.268309
[26, 14] = 0.0853884
[26, 15] = 0.132486
[26, 16] = 0.104091
[26, 17] = 0.116452
[26, 18] = 0.135478
[26, 19] = 0.295524
[26, 20] = 0.151796
[26, 21] = 0.459491
[26, 22] = 0.288807
[26, 23] = 0.654825
[26, 24] = 0.610327
[26, 25] = 0.265584
[26, 26] = 0.345951
[26, 27] = 0.0437405
[26, 28] = 0.219362
[26, 29] = 2.11794
[26, 30] = 2.34494
[26, 31] = 0.991206
[27, 0] = 1.10706
[27, 1] = 0.655587
[27, 2] = 1.32316
[27, 3] = 0.938247
[27, 4] = 1.48311
[27, 5] = 0.695076
[27, 6] = 1.0722
[27, 7] = 0.777457
[27, 8] = 0.661631
[27, 9] = 0.795117
[27, 10] = 0.643929
[27, 11] = 0.322352
[27, 12] = 0.213054
[27, 13] = 0.233103
[27, 14] = 0.265387
[27, 15] = 0.0551308
[27, 16] = 0.0258791
[27, 17] = 0.123031
[27, 18] = 0.161444
[27, 19] = 0.242839
[27, 20] = 0.225265
[27, 21] = 0.29841
[27, 22] = 0.309881
[27, 23] = 0.282693
[27, 24] = 0.348842
[27, 25] = 0.52524
[27, 26] = 0.341942
[27, 27] = 0.493381
[27, 28] = 0.73132
[27, 29] = 1.49024
[27, 30] = 2.34267
[27, 31] = 1.25989
[28, 0] = 3.24375
[28, 1] = 2.21905
[28, 2] = 1.73333
[28, 3] = 3.19361
[28, 4] = 1.27592
[28, 5] = 0.503672
[28, 6] = 1.34528
[28, 7] = 0.361311
[28, 8] = 0.523624
[28, 9] = 0.316881
[28, 10] = 0.423294
[28, 11] = 0.434493
[28, 12] = 0.190883
[28, 13] = 0.264173
[28, 14] = 0.0736169
[28, 15] = 0.120972
[28, 16] = 0.028317
[28, 17] = 0.118761
[28, 18] = 0.132838
[28, 19] = 0.233203
[28, 20] = 0.170468
[28, 21] = 0.18942
[28, 22] = 0.401962
[28, 23] = 0.116643
[28, 24] = 0.150592
[28, 25] = 0.718317
[28, 26] = 0.783053
[28, 27] = 0.653137
[28, 28] = 1.62269
[28, 29] = 2.96371
[28, 30] = 1.52061
[28, 31] = 2.42276
[29, 0] = 0.316004
[29, 1] = 3.53751
[29, 2] = 4.28288
[29, 3] = 0.112677
[29, 4] = 0.497091
[29, 5] = 1.89703
[29, 6] = 2.1144
[29, 7] = 0.645112
[29, 8] = 0.18171
[29, 9] = 0.43505
[29, 10] = 0.648336
[29, 11] = 0.271744
[29, 12] = 0.241419
[29, 13] = 0.286861
[29, 14] = 0.0569306
[29, 15] = 0.274567
[29, 16] = 0.00450402
[29, 17] = 0.218467
[29, 18] = 0.0310771
[29, 19] = 0.220452
[29, 20] = 0.0702552
[29, 21] = 0.251997
[29, 22] = 0.49151
[29, 23] = 0.183839
[29, 24] = 0.774178
[29, 25] = 0.63774
[29, 26] = 1.83991
[29, 27] = 1.50541
[29, 28] = 1.96283
[29, 29] = 1.22414
[29, 30] = 2.90279
[29, 31] = 2.62997
[30, 0] = 15.7858
[30, 1] = 2.10033
[30, 2] = 2.39654
[30, 3] = 1.08918
[30, 4] = 2.22491
[30, 5] = 0.992008
[30, 6] = 0.466695
[30, 7] = 0.434867
[30, 8] = 1.27015
[30, 9] = 0.432828
[30, 10] = 0.294931
[30, 11] = 0.0562986
[30, 12] = 0.302524
[30, 13] = 0.0823672
[30, 14] = 0.293057
[30, 15] = 0.15315
[30, 16] = 0.040164
[30, 17] = 0.153422
[30, 18] = 0.211749
[30, 19] = 0.207909
[30, 20] = 0.315692
[30, 21] = 0.0703593
[30, 22] = 0.434045
[30, 23] = 0.671123
[30, 24] = 1.29442
[30, 25] = 0.465737
[30, 26] = 1.0224
[30, 27] = 1.12875
[30, 28] = 2.73316
[30, 29] = 2.33913
[30, 30] = 1.27978
[30, 31] = 2.37791
[31, 0] = 3.72861
[31, 1] = 2.95028
[31, 2] = 6.35412
[31, 3] = 1.30517
[31, 4] = 1.12977
[31, 5] = 1.0324
[31, 6] = 1.07602
[31, 7] = 1.05635
[31, 8] = 0.198802
[31, 9] = 0.508077
[31, 10] = 0.797047
[31, 11] = 0.466207
[31, 12] = 0.233724
[31, 13] = 0.124585
[31, 14] = 0.133872
[31, 15] = 0.326858
[31, 16] = 0.236529
[31, 17] = 0.124557
[31, 18] = 0.132617
[31, 19] = 0.0877492
[31, 20] = 0.171662
[31, 21] = 0.233571
[31, 22] = 0.630883
[31, 23] = 0.443986
[31, 24] = 0.514463
[31, 25] = 0.762655
[31, 26] = 1.07318
[31, 27] = 1.11687
[31, 28] = 0.969596
[31, 29] = 0.939817
[31, 30] = 4.86645
[31, 31] = 3.11276
