[0, 0] = 175.271
[0, 1] = 2.91826
[0, 2] = 3.82441
[0, 3] = 1.83642
[0, 4] = 0.475355
[0, 5] = 0.875666
[0, 6] = 0.162027
[0, 7] = 0.121974
[0, 8] = 0.286641
[0, 9] = 0.476746
[0, 10] = 0.232966
[0, 11] = 0.219457
[0, 12] = 0.172562
[0, 13] = 0.239459
[0, 14] = 0.280863
[0, 15] = 0.238465
[0, 16] = 0.270508
[0, 17] = 0.238449
[0, 18] = 0.28089
[0, 19] = 0.2394
[0, 20] = 0.17252
[0, 21] = 0.219494
[0, 22] = 0.232961
[0, 23] = 0.476715
[0, 24] = 0.286633
[0, 25] = 0.122156
[0, 26] = 0.162238
[0, 27] = 0.875835
[0, 28] = 0.475331
[0, 29] = 1.83668
[0, 30] = 3.82411
[0, 31] = 2.9187
[1, 0] = 0.858639
[1, 1] = 1.93309
[1, 2] = 6.52786
[1, 3] = 1.73134
[1, 4] = 0.645055
[1, 5] = 0.182318
[1, 6] = 0.250989
[1, 7] = 0.2472
[1, 8] = 0.104565
[1, 9] = 0.104343
[1, 10] = 0.0714705
[1, 11] = 0.121651
[1, 12] = 0.0625055
[1, 13] = 0.0630232
[1, 14] = 0.0515793
[1, 15] = 0.0537832
[1, 16] = 0.0266022
[1, 17] = 0.0555212
[1, 18] = 0.0422375
[1, 19] = 0.099119
[1, 20] = 0.0628915
[1, 21] = 0.053379
[1, 22] = 0.0549834
[1, 23] = 0.0407342
[1, 24] = 0.32012
[1, 25] = 0.302413
[1, 26] = 0.433523
[1, 27] = 0.202651
[1, 28] = 0.943397
[1, 29] = 1.02078
[1, 30] = 8.67791
[1, 31] = 1.08857
[2, 0] = 3.57456
[2, 1] = 1.70647
[2, 2] = 2.29309
[2, 3] = 0.347533
[2, 4] = 2.2031
[2, 5] = 0.442258
[2, 6] = 0.148273
[2, 7] = 0.427268
[2, 8] = 0.185026
[2, 9] = 0.0803152
[2, 10] = 0.215306
[2, 11] = 0.189911
[2, 12] = 0.212306
[2, 13] = 0.0968534
[2, 14] = 0.186764
[2, 15] = 0.251964
[2, 16] = 0.179292
[2, 17] = 0.216787
[2, 18] = 0.195844
[2, 19] = 0.214036
[2, 20] = 0.194332
[2, 21] = 0.2495
[2, 22] = 0.217244
[2, 23] = 0.274471
[2, 24] = 0.251708
[2, 25] = 0.37249
[2, 26] = 0.442372
[2, 27] = 0.394674
[2, 28] = 1.67672
[2, 29] = 0.60468
[2, 30] = 0.443051
[2, 31] = 3.38415
[3, 0] = 1.46888
[3, 1] = 0.618437
[3, 2] = 5.11765
[3, 3] = 0.435105
[3, 4] = 0.828559
[3, 5] = 0.566005
[3, 6] = 0.259976
[3, 7] = 0.10153
[3, 8] = 0.286399
[3, 9] = 0.234471
[3, 10] = 0.260551
[3, 11] = 0.050223
[3, 12] = 0.113938
[3, 13] = 0.223953
[3, 14] = 0.041763
[3, 15] = 0.137761
[3, 16] = 0.118808
[3, 17] = 0.107239
[3, 18] = 0.174113
[3, 19] = 0.134953
[3, 20] = 0.0874962
[3, 21] = 0.0804663
[3, 22] = 0.199257
[3, 23] = 0.157361
[3, 24] = 0.187543
[3, 25] = 0.487106
[3, 26] = 0.437914
[3, 27] = 0.531062
[3, 28] = 0.938893
[3, 29] = 1.26016
[3, 30] = 2.50591
[3, 31] = 0.540747
[4, 0] = 7.2504
[4, 1] = 0.975706
[4, 2] = 0.408225
[4, 3] = 0.591521
[4, 4] = 0.773265
[4, 5] = 0.364622
[4, 6] = 0.542204
[4, 7] = 0.268696
[4, 8] = 0.485936
[4, 9] = 0.0962287
[4, 10] = 0.0839442
[4, 11] = 0.14687
[4, 12] = 0.0876835
[4, 13] = 0.0268115
[4, 14] = 0.085186
[4, 15] = 0.0519532
[4, 16] = 0.0179639
[4, 17] = 0.0597761
[4, 18] = 0.0997146
[4, 19] = 0.0253735
[4, 20] = 0.113792
[4, 21] = 0.160542
[4, 22] = 0.0737066
[4, 23] = 0.0209431
[4, 24] = 0.558403
[4, 25] = 0.186107
[4, 26] = 0.569484
[4, 27] = 0.811492
[4, 28] = 2.95068
[4, 29] = 0.820793
[4, 30] = 1.77009
[4, 31] = 1.58751
[5, 0] = 0.854465
[5, 1] = 0.248966
[5, 2] = 2.298
[5, 3] = 0.381924
[5, 4] = 0.138376
[5, 5] = 0.113512
[5, 6] = 0.289259
[5, 7] = 0.0144501
[5, 8] = 0.144465
[5, 9] = 0.077799
[5, 10] = 0.0771415
[5, 11] = 0.0954337
[5, 12] = 0.0119888
[5, 13] = 0.00367366
[5, 14] = 0.0903931
[5, 15] = 0.03065
[5, 16] = 0.0655324
[5, 17] = 0.121374
[5, 18] = 0.0461203
[5, 19] = 0.0144067
[5, 20] = 0.0283582
[5, 21] = 0.141029
[5, 22] = 0.139419
[5, 23] = 0.0516075
[5, 24] = 0.152287
[5, 25] = 0.127568
[5, 26] = 0.239141
[5, 27] = 0.18818
[5, 28] = 0.509
[5, 29] = 0.491908
[5, 30] = 3.04877
[5, 31] = 0.440125
[6, 0] = 0.233538
[6, 1] = 0.754694
[6, 2] = 0.671595
[6, 3] = 0.239293
[6, 4] = 1.12549
[6, 5] = 0.220237
[6, 6] = 0.336984
[6, 7] = 0.387285
[6, 8] = 0.201125
[6, 9] = 0.105005
[6, 10] = 0.0896529
[6, 11] = 0.0772351
[6, 12] = 0.0756136
[6, 13] = 0.123081
[6, 14] = 0.110992
[6, 15] = 0.00907635
[6, 16] = 0.0531752
[6, 17] = 0.0768008
[6, 18] = 0.148679
[6, 19] = 0.0872139
[6, 20] = 0.0870757
[6, 21] = 0.147866
[6, 22] = 0.13287
[6, 23] = 0.17933
[6, 24] = 0.22106
[6, 25] = 0.550631
[6, 26] = 0.398979
[6, 27] = 1.27073
[6, 28] = 1.21233
[6, 29] = 0.635634
[6, 30] = 0.758697
[6, 31] = 0.5608
[7, 0] = 0.156825
[7, 1] = 0.533208
[7, 2] = 0.696247
[7, 3] = 0.335659
[7, 4] = 0.623629
[7, 5] = 0.279808
[7, 6] = 0.290858
[7, 7] = 0.270666
[7, 8] = 0.041308
[7, 9] = 0.258914
[7, 10] = 0.0358648
[7, 11] = 0.201085
[7, 12] = 0.0553633
[7, 13] = 0.0481603
[7, 14] = 0.0999385
[7, 15] = 0.0823195
[7, 16] = 0.0806199
[7, 17] = 0.065444
[7, 18] = 0.150575
[7, 19] = 0.0295738
[7, 20] = 0.0938268
[7, 21] = 0.321605
[7, 22] = 0.0322311
[7, 23] = 0.36752
[7, 24] = 0.0789463
[7, 25] = 0.498684
[7, 26] = 0.511115
[7, 27] = 0.706425
[7, 28] = 0.893126
[7, 29] = 0.454158
[7, 30] = 0.4909
[7, 31] = 0.85756
[8, 0] = 1.97166
[8, 1] = 0.363552
[8, 2] = 0.657499
[8, 3] = 0.1427
[8, 4] = 0.461215
[8, 5] = 0.852046
[8, 6] = 0.32814
[8, 7] = 0.0760127
[8, 8] = 0.270917
[8, 9] = 0.193499
[8, 10] = 0.132763
[8, 11] = 0.0668406
[8, 12] = 0.127627
[8, 13] = 0.0161437
[8, 14] = 0.137623
[8, 15] = 0.0516719
[8, 16] = 0.0830085
[8, 17] = 0.117414
[8, 18] = 0.0987346
[8, 19] = 0.0677258
[8, 20] = 0.058413
[8, 21] = 0.105408
[8, 22] = 0.198925
[8, 23] = 0.200974
[8, 24] = 0.599392
[8, 25] = 0.0635882
[8, 26] = 0.392481
[8, 27] = 1.3049
[8, 28] = 0.46914
[8, 29] = 0.419776
[8, 30] = 0.816116
[8, 31] = 0.241012
[9, 0] = 0.646354
[9, 1] = 0.308328
[9, 2] = 1.27735
[9, 3] = 0.282467
[9, 4] = 0.362353
[9, 5] = 0.610084
[9, 6] = 0.91855
[9, 7] = 0.357272
[9, 8] = 0.176177
[9, 9] = 0.148137
[9, 10] = 0.0928866
[9, 11] = 0.212447
[9, 12] = 0.0793236
[9, 13] = 0.15058
[9, 14] = 0.0656351
[9, 15] = 0.0267402
[9, 16] = 0.0921736
[9, 17] = 0.121593
[9, 18] = 0.0862604
[9, 19] = 0.14012
[9, 20] = 0.133834
[9, 21] = 0.245151
[9, 22] = 0.0638348
[9, 23] = 0.599992
[9, 24] = 0.0698008
[9, 25] = 0.771313
[9, 26] = 1.63473
[9, 27] = 0.993309
[9, 28] = 0.374684
[9, 29] = 0.663811
[9, 30] = 1.69858
[9, 31] = 0.414219
[10, 0] = 1.08327
[10, 1] = 0.156804
[10, 2] = 0.889483
[10, 3] = 0.267805
[10, 4] = 0.783422
[10, 5] = 0.308228
[10, 6] = 0.176588
[10, 7] = 0.310272
[10, 8] = 0.184333
[10, 9] = 0.13088
[10, 10] = 0.0222277
[10, 11] = 0.08141
[10, 12] = 0.0964023
[10, 13] = 0.0620971
[10, 14] = 0.0777341
[10, 15] = 0.126726
[10, 16] = 0.0843232
[10, 17] = 0.169032
[10, 18] = 0.138373
[10, 19] = 0.00540373
[10, 20] = 0.100583
[10, 21] = 0.118597
[10, 22] = 0.030303
[10, 23] = 0.223675
[10, 24] = 0.19928
[10, 25] = 0.317042
[10, 26] = 0.423756
[10, 27] = 0.285391
[10, 28] = 0.890064
[10, 29] = 0.431402
[10, 30] = 0.52018
[10, 31] = 0.590078
[11, 0] = 1.21335
[11, 1] = 0.212382
[11, 2] = 0.907052
[11, 3] = 0.0130813
[11, 4] = 0.319123
[11, 5] = 0.0273945
[11, 6] = 0.655525
[11, 7] = 0.190847
[11, 8] = 0.169757
[11, 9] = 0.345955
[11, 10] = 0.0664269
[11, 11] = 0.0672479
[11, 12] = 0.0992451
[11, 13] = 0.218523
[11, 14] = 0.0505072
[11, 15] = 0.0789781
[11, 16] = 0.0273017
[11, 17] = 0.031654
[11, 18] = 0.0549511
[11, 19] = 0.1627
[11, 20] = 0.11315
[11, 21] = 0.179112
[11, 22] = 0.0667333
[11, 23] = 0.343268
[11, 24] = 0.169896
[11, 25] = 0.510196
[11, 26] = 0.642771
[11, 27] = 0.102564
[11, 28] = 0.213701
[11, 29] = 0.0775877
[11, 30] = 0.261216
[11, 31] = 0.396717
[12, 0] = 0.985889
[12, 1] = 0.213193
[12, 2] = 0.523213
[12, 3] = 0.095119
[12, 4] = 0.16375
[12, 5] = 0.0644193
[12, 6] = 0.189884
[12, 7] = 0.107305
[12, 8] = 0.245382
[12, 9] = 0.230398
[12, 10] = 0.161843
[12, 11] = 0.0403508
[12, 12] = 0.0973742
[12, 13] = 0.118307
[12, 14] = 0.103742
[12, 15] = 0.0444848
[12, 16] = 0.0980447
[12, 17] = 0.0670622
[12, 18] = 0.0980816
[12, 19] = 0.190013
[12, 20] = 0.148524
[12, 21] = 0.20573
[12, 22] = 0.167656
[12, 23] = 0.190903
[12, 24] = 0.49269
[12, 25] = 0.0556478
[12, 26] = 0.195626
[12, 27] = 0.126024
[12, 28] = 0.461156
[12, 29] = 0.219924
[12, 30] = 0.325952
[12, 31] = 0.345637
[13, 0] = 0.981819
[13, 1] = 0.176473
[13, 2] = 0.331603
[13, 3] = 0.242153
[13, 4] = 0.095207
[13, 5] = 0.0792245
[13, 6] = 0.344209
[13, 7] = 0.315292
[13, 8] = 0.129054
[13, 9] = 0.117113
[13, 10] = 0.104173
[13, 11] = 0.0360965
[13, 12] = 0.109304
[13, 13] = 0.101056
[13, 14] = 0.0794245
[13, 15] = 0.0798231
[13, 16] = 0.0255201
[13, 17] = 0.048115
[13, 18] = 0.161309
[13, 19] = 0.018602
[13, 20] = 0.18228
[13, 21] = 0.0577525
[13, 22] = 0.239846
[13, 23] = 0.0261995
[13, 24] = 0.326672
[13, 25] = 0.378426
[13, 26] = 0.54077
[13, 27] = 0.0277836
[13, 28] = 0.125206
[13, 29] = 0.315593
[13, 30] = 0.247516
[13, 31] = 0.319646
[14, 0] = 1.04892
[14, 1] = 0.337891
[14, 2] = 0.313681
[14, 3] = 0.15344
[14, 4] = 0.139995
[14, 5] = 0.0661211
[14, 6] = 0.0288321
[14, 7] = 0.0999857
[14, 8] = 0.0982689
[14, 9] = 0.0598422
[14, 10] = 0.0308634
[14, 11] = 0.123497
[14, 12] = 0.10864
[14, 13] = 0.177575
[14, 14] = 0.0308445
[14, 15] = 0.0511825
[14, 16] = 0.0847583
[14, 17] = 0.040299
[14, 18] = 0.136495
[14, 19] = 0.157111
[14, 20] = 0.187062
[14, 21] = 0.171217
[14, 22] = 0.158818
[14, 23] = 0.140361
[14, 24] = 0.142621
[14, 25] = 0.278377
[14, 26] = 0.03299
[14, 27] = 0.0655199
[14, 28] = 0.313686
[14, 29] = 0.156911
[14, 30] = 0.2357
[14, 31] = 0.343085
[15, 0] = 1.00527
[15, 1] = 0.172758
[15, 2] = 0.407653
[15, 3] = 0.220714
[15, 4] = 0.0137926
[15, 5] = 0.241007
[15, 6] = 0.167969
[15, 7] = 0.158521
[15, 8] = 0.123734
[15, 9] = 0.145504
[15, 10] = 0.220283
[15, 11] = 0.0312963
[15, 12] = 0.111227
[15, 13] = 0.0513862
[15, 14] = 0.0541363
[15, 15] = 0.0107086
[15, 16] = 0.086898
[15, 17] = 0.0253216
[15, 18] = 0.0478031
[15, 19] = 0.0794802
[15, 20] = 0.0489812
[15, 21] = 0.0983183
[15, 22] = 0.197723
[15, 23] = 0.294437
[15, 24] = 0.0922657
[15, 25] = 0.204493
[15, 26] = 0.224425
[15, 27] = 0.311004
[15, 28] = 0.0900485
[15, 29] = 0.462039
[15, 30] = 0.457249
[15, 31] = 0.311261
[16, 0] = 1.05566
[16, 1] = 0.321585
[16, 2] = 0.396649
[16, 3] = 0.159499
[16, 4] = 0.0964381
[16, 5] = 0.0781476
[16, 6] = 0.0911972
[16, 7] = 0.260645
[16, 8] = 0.161158
[16, 9] = 0.122851
[16, 10] = 0.173736
[16, 11] = 0.0334796
[16, 12] = 0.084831
[16, 13] = 0.0750898
[16, 14] = 0.0781858
[16, 15] = 0.0683912
[16, 16] = 0.0615234
[16, 17] = 0.0683897
[16, 18] = 0.0781846
[16, 19] = 0.0750898
[16, 20] = 0.0848319
[16, 21] = 0.0334806
[16, 22] = 0.173739
[16, 23] = 0.122851
[16, 24] = 0.161156
[16, 25] = 0.260649
[16, 26] = 0.0912004
[16, 27] = 0.0781511
[16, 28] = 0.096439
[16, 29] = 0.159492
[16, 30] = 0.396663
[16, 31] = 0.321573
[17, 0] = 1.00528
[17, 1] = 0.356275
[17, 2] = 0.411285
[17, 3] = 0.451567
[17, 4] = 0.127959
[17, 5] = 0.206133
[17, 6] = 0.198691
[17, 7] = 0.21707
[17, 8] = 0.111432
[17, 9] = 0.2709
[17, 10] = 0.0680709
[17, 11] = 0.134342
[17, 12] = 0.043269
[17, 13] = 0.063881
[17, 14] = 0.0385674
[17, 15] = 0.0356687
[17, 16] = 0.0868981
[17, 17] = 0.0273071
[17, 18] = 0.0461856
[17, 19] = 0.0201049
[17, 20] = 0.108836
[17, 21] = 0.0967474
[17, 22] = 0.118595
[17, 23] = 0.0886849
[17, 24] = 0.138614
[17, 25] = 0.174449
[17, 26] = 0.131629
[17, 27] = 0.0620763
[17, 28] = 0.0919429
[17, 29] = 0.19785
[17, 30] = 0.355363
[17, 31] = 0.244708
[18, 0] = 1.04894
[18, 1] = 0.345429
[18, 2] = 0.281203
[18, 3] = 0.159079
[18, 4] = 0.366588
[18, 5] = 0.0541858
[18, 6] = 0.0321942
[18, 7] = 0.296902
[18, 8] = 0.249606
[18, 9] = 0.144625
[18, 10] = 0.210137
[18, 11] = 0.172159
[18, 12] = 0.177333
[18, 13] = 0.139262
[18, 14] = 0.18912
[18, 15] = 0.0343615
[18, 16] = 0.0847542
[18, 17] = 0.0466514
[18, 18] = 0.134489
[18, 19] = 0.161994
[18, 20] = 0.0908751
[18, 21] = 0.124791
[18, 22] = 0.141014
[18, 23] = 0.069275
[18, 24] = 0.227195
[18, 25] = 0.14372
[18, 26] = 0.0279204
[18, 27] = 0.0549126
[18, 28] = 0.235771
[18, 29] = 0.155649
[18, 30] = 0.349188
[18, 31] = 0.340248
[19, 0] = 0.981845
[19, 1] = 0.388173
[19, 2] = 0.288713
[19, 3] = 0.35386
[19, 4] = 0.107922
[19, 5] = 0.117197
[19, 6] = 0.430921
[19, 7] = 0.220021
[19, 8] = 0.342357
[19, 9] = 0.153588
[19, 10] = 0.245599
[19, 11] = 0.117355
[19, 12] = 0.194695
[19, 13] = 0.122977
[19, 14] = 0.153315
[19, 15] = 0.0430273
[19, 16] = 0.0255239
[19, 17] = 0.0768663
[19, 18] = 0.0615921
[19, 19] = 0.158079
[19, 20] = 0.128944
[19, 21] = 0.108358
[19, 22] = 0.116814
[19, 23] = 0.191359
[19, 24] = 0.164772
[19, 25] = 0.0679318
[19, 26] = 0.108368
[19, 27] = 0.138699
[19, 28] = 0.0709709
[19, 29] = 0.290254
[19, 30] = 0.363411
[19, 31] = 0.282197
[20, 0] = 0.985923
[20, 1] = 0.320861
[20, 2] = 0.442482
[20, 3] = 0.216758
[20, 4] = 0.490359
[20, 5] = 0.130611
[20, 6] = 0.0878688
[20, 7] = 0.113748
[20, 8] = 0.46291
[20, 9] = 0.239059
[20, 10] = 0.0761013
[20, 11] = 0.264252
[20, 12] = 0.148261
[20, 13] = 0.170087
[20, 14] = 0.0446146
[20, 15] = 0.0575069
[20, 16] = 0.0980427
[20, 17] = 0.0280761
[20, 18] = 0.0559722
[20, 19] = 0.0826088
[20, 20] = 0.0969767
[20, 21] = 0.170674
[20, 22] = 0.062264
[20, 23] = 0.271643
[20, 24] = 0.178228
[20, 25] = 0.146135
[20, 26] = 0.0742167
[20, 27] = 0.072999
[20, 28] = 0.233661
[20, 29] = 0.0875679
[20, 30] = 0.602763
[20, 31] = 0.170118
[21, 0] = 1.21339
[21, 1] = 0.400946
[21, 2] = 0.882348
[21, 3] = 0.118253
[21, 4] = 0.13143
[21, 5] = 0.125169
[21, 6] = 0.721172
[21, 7] = 0.614521
[21, 8] = 0.170813
[21, 9] = 0.432373
[21, 10] = 0.0703556
[21, 11] = 0.228991
[21, 12] = 0.166233
[21, 13] = 0.0155248
[21, 14] = 0.0475326
[21, 15] = 0.0403828
[21, 16] = 0.0272956
[21, 17] = 0.082866
[21, 18] = 0.042317
[21, 19] = 0.14671
[21, 20] = 0.157095
[21, 21] = 0.157714
[21, 22] = 0.0700685
[21, 23] = 0.434499
[21, 24] = 0.170688
[21, 25] = 0.392101
[21, 26] = 0.732564
[21, 27] = 0.0767884
[21, 28] = 0.270993
[21, 29] = 0.0901816
[21, 30] = 1.23817
[21, 31] = 0.220166
[22, 0] = 1.08332
[22, 1] = 0.749596
[22, 2] = 0.526967
[22, 3] = 0.445272
[22, 4] = 0.487988
[22, 5] = 0.113624
[22, 6] = 0.424171
[22, 7] = 0.217825
[22, 8] = 0.125618
[22, 9] = 0.185901
[22, 10] = 0.0638303
[22, 11] = 0.0992816
[22, 12] = 0.104516
[22, 13] = 0.0663505
[22, 14] = 0.145547
[22, 15] = 0.14641
[22, 16] = 0.0843188
[22, 17] = 0.0944758
[22, 18] = 0.089885
[22, 19] = 0.0907144
[22, 20] = 0.100495
[22, 21] = 0.0491921
[22, 22] = 0.0604093
[22, 23] = 0.0407208
[22, 24] = 0.100241
[22, 25] = 0.207858
[22, 26] = 0.177598
[22, 27] = 0.16268
[22, 28] = 0.244362
[22, 29] = 0.28962
[22, 30] = 0.893467
[22, 31] = 0.488144
[23, 0] = 0.646437
[23, 1] = 0.381144
[23, 2] = 1.15611
[23, 3] = 0.676626
[23, 4] = 0.386198
[23, 5] = 0.814547
[23, 6] = 1.61211
[23, 7] = 0.746573
[23, 8] = 0.18083
[23, 9] = 0.703206
[23, 10] = 0.0364399
[23, 11] = 0.284952
[23, 12] = 0.147198
[23, 13] = 0.133566
[23, 14] = 0.0941775
[23, 15] = 0.175491
[23, 16] = 0.0921673
[23, 17] = 0.129334
[23, 18] = 0.0757396
[23, 19] = 0.144498
[23, 20] = 0.100242
[23, 21] = 0.257349
[23, 22] = 0.0766892
[23, 23] = 0.395521
[23, 24] = 0.242622
[23, 25] = 0.300117
[23, 26] = 0.877637
[23, 27] = 0.221479
[23, 28] = 0.374233
[23, 29] = 0.311389
[23, 30] = 0.28833
[23, 31] = 0.262239
[24, 0] = 1.97174
[24, 1] = 0.198193
[24, 2] = 1.74431
[24, 3] = 0.497875
[24, 4] = 0.22644
[24, 5] = 1.00483
[24, 6] = 0.236038
[24, 7] = 0.108229
[24, 8] = 0.587712
[24, 9] = 0.167226
[24, 10] = 0.153988
[24, 11] = 0.105957
[24, 12] = 0.171939
[24, 13] = 0.111897
[24, 14] = 0.065866
[24, 15] = 0.191728
[24, 16] = 0.0830066
[24, 17] = 0.160141
[24, 18] = 0.116318
[24, 19] = 0.0905219
[24, 20] = 0.206012
[24, 21] = 0.067709
[24, 22] = 0.0420441
[24, 23] = 0.158167
[24, 24] = 0.24398
[24, 25] = 0.115979
[24, 26] = 0.096703
[24, 27] = 0.181564
[24, 28] = 0.209559
[24, 29] = 0.303395
[24, 30] = 1.67592
[24, 31] = 0.336659
[25, 0] = 0.156905
[25, 1] = 0.751363
[25, 2] = 0.234721
[25, 3] = 0.314565
[25, 4] = 0.641542
[25, 5] = 0.990955
[25, 6] = 0.976311
[25, 7] = 0.666272
[25, 8] = 0.0888698
[25, 9] = 0.325328
[25, 10] = 0.0330792
[25, 11] = 0.278864
[25, 12] = 0.0869083
[25, 13] = 0.0311253
[25, 14] = 0.119466
[25, 15] = 0.0873911
[25, 16] = 0.0806135
[25, 17] = 0.100655
[25, 18] = 0.0398483
[25, 19] = 0.0491342
[25, 20] = 0.0425996
[25, 21] = 0.121538
[25, 22] = 0.0366317
[25, 23] = 0.194411
[25, 24] = 0.0580695
[25, 25] = 0.518142
[25, 26] = 0.8812
[25, 27] = 0.749155
[25, 28] = 0.0533952
[25, 29] = 0.0730954
[25, 30] = 0.546653
[25, 31] = 0.336921
[26, 0] = 0.23341
[26, 1] = 0.366574
[26, 2] = 0.755357
[26, 3] = 0.665384
[26, 4] = 1.41761
[26, 5] = 1.68998
[26, 6] = 0.345645
[26, 7] = 0.394288
[26, 8] = 0.241829
[26, 9] = 0.160942
[26, 10] = 0.129594
[26, 11] = 0.230871
[26, 12] = 0.198727
[26, 13] = 0.141236
[26, 14] = 0.0992758
[26, 15] = 0.106207
[26, 16] = 0.0531683
[26, 17] = 0.0739287
[26, 18] = 0.00845058
[26, 19] = 0.16581
[26, 20] = 0.193984
[26, 21] = 0.193401
[26, 22] = 0.0847301
[26, 23] = 0.069035
[26, 24] = 0.223751
[26, 25] = 0.0477932
[26, 26] = 0.271722
[26, 27] = 1.13566
[26, 28] = 1.34406
[26, 29] = 0.309783
[26, 30] = 0.667836
[26, 31] = 0.624132
[27, 0] = 0.854272
[27, 1] = 0.46653
[27, 2] = 2.38141
[27, 3] = 0.315023
[27, 4] = 0.598627
[27, 5] = 0.23121
[27, 6] = 0.136851
[27, 7] = 0.174046
[27, 8] = 0.153785
[27, 9] = 0.150656
[27, 10] = 0.140573
[27, 11] = 0.148112
[27, 12] = 0.0354931
[27, 13] = 0.0203526
[27, 14] = 0.0422864
[27, 15] = 0.147535
[27, 16] = 0.0655336
[27, 17] = 0.0892909
[27, 18] = 0.0884984
[27, 19] = 0.0148337
[27, 20] = 0.02448
[27, 21] = 0.105616
[27, 22] = 0.0792083
[27, 23] = 0.161508
[27, 24] = 0.146039
[27, 25] = 0.119287
[27, 26] = 0.212628
[27, 27] = 0.175893
[27, 28] = 0.344087
[27, 29] = 0.0560854
[27, 30] = 1.28734
[27, 31] = 0.293178
[28, 0] = 7.25058
[28, 1] = 1.88747
[28, 2] = 2.67085
[28, 3] = 1.29857
[28, 4] = 3.6167
[28, 5] = 0.783391
[28, 6] = 0.275589
[28, 7] = 0.16255
[28, 8] = 0.461284
[28, 9] = 0.092644
[28, 10] = 0.0978795
[28, 11] = 0.101976
[28, 12] = 0.159648
[28, 13] = 0.0108477
[28, 14] = 0.0566304
[28, 15] = 0.0589519
[28, 16] = 0.0179699
[28, 17] = 0.0510006
[28, 18] = 0.022816
[28, 19] = 0.0138852
[28, 20] = 0.142217
[28, 21] = 0.0787316
[28, 22] = 0.105796
[28, 23] = 0.131915
[28, 24] = 0.370296
[28, 25] = 0.252943
[28, 26] = 0.213646
[28, 27] = 0.296899
[28, 28] = 2.22976
[28, 29] = 1.16732
[28, 30] = 2.04122
[28, 31] = 1.41215
[29, 0] = 1.46872
[29, 1] = 0.352281
[29, 2] = 8.28603
[29, 3] = 1.70548
[29, 4] = 1.22151
[29, 5] = 0.274449
[29, 6] = 0.432657
[29, 7] = 0.59265
[29, 8] = 0.0464851
[29, 9] = 0.0779637
[29, 10] = 0.127618
[29, 11] = 0.110711
[29, 12] = 0.065643
[29, 13] = 0.054952
[29, 14] = 0.209241
[29, 15] = 0.0563597
[29, 16] = 0.118811
[29, 17] = 0.103224
[29, 18] = 0.123325
[29, 19] = 0.18698
[29, 20] = 0.0981627
[29, 21] = 0.0911322
[29, 22] = 0.21088
[29, 23] = 0.190509
[29, 24] = 0.221395
[29, 25] = 0.352519
[29, 26] = 0.251005
[29, 27] = 0.33716
[29, 28] = 1.1389
[29, 29] = 1.2288
[29, 30] = 9.41104
[29, 31] = 0.462668
[30, 0] = 3.57334
[30, 1] = 4.04636
[30, 2] = 2.87103
[30, 3] = 0.543022
[30, 4] = 0.278657
[30, 5] = 0.362457
[30, 6] = 0.563849
[30, 7] = 0.264232
[30, 8] = 0.424521
[30, 9] = 0.446644
[30, 10] = 0.2188
[30, 11] = 0.264837
[30, 12] = 0.183343
[30, 13] = 0.226236
[30, 14] = 0.201043
[30, 15] = 0.210662
[30, 16] = 0.17927
[30, 17] = 0.246704
[30, 18] = 0.192209
[30, 19] = 0.1215
[30, 20] = 0.20229
[30, 21] = 0.209664
[30, 22] = 0.216872
[30, 23] = 0.361432
[30, 24] = 0.388734
[30, 25] = 0.337066
[30, 26] = 0.379797
[30, 27] = 0.413746
[30, 28] = 1.45596
[30, 29] = 0.223699
[30, 30] = 3.64763
[30, 31] = 2.7987
[31, 0] = 0.859755
[31, 1] = 1.01208
[31, 2] = 5.8515
[31, 3] = 0.786698
[31, 4] = 0.717165
[31, 5] = 0.155
[31, 6] = 0.488534
[31, 7] = 0.271857
[31, 8] = 0.352784
[31, 9] = 0.0691749
[31, 10] = 0.020673
[31, 11] = 0.0462232
[31, 12] = 0.0274623
[31, 13] = 0.102516
[31, 14] = 0.0252545
[31, 15] = 0.0791554
[31, 16] = 0.0266089
[31, 17] = 0.0779479
[31, 18] = 0.038921
[31, 19] = 0.0682595
[31, 20] = 0.0265912
[31, 21] = 0.118688
[31, 22] = 0.0501375
[31, 23] = 0.118372
[31, 24] = 0.181434
[31, 25] = 0.208737
[31, 26] = 0.337221
[31, 27] = 0.127361
[31, 28] = 0.201229
[31, 29] = 1.60457
[31, 30] = 1.24324
[31, 31] = 1.89108
