[0, 0] = 179.19
[0, 1] = 3.75428
[0, 2] = 1.46192
[0, 3] = 1.32588
[0, 4] = 3.09335
[0, 5] = 0.863743
[0, 6] = 0.241659
[0, 7] = 0.60756
[0, 8] = 0.51228
[0, 9] = 0.424301
[0, 10] = 0.307794
[0, 11] = 0.137521
[0, 12] = 0.322927
[0, 13] = 0.268543
[0, 14] = 0.201375
[0, 15] = 0.19407
[0, 16] = 0.336914
[0, 17] = 0.194053
[0, 18] = 0.201327
[0, 19] = 0.268514
[0, 20] = 0.322917
[0, 21] = 0.137464
[0, 22] = 0.307772
[0, 23] = 0.424212
[0, 24] = 0.512124
[0, 25] = 0.607388
[0, 26] = 0.241794
[0, 27] = 0.863983
[0, 28] = 3.0934
[0, 29] = 1.32552
[0, 30] = 1.46165
[0, 31] = 3.75353
[1, 0] = 3.32053
[1, 1] = 0.74613
[1, 2] = 4.9945
[1, 3] = 1.26703
[1, 4] = 0.833138
[1, 5] = 0.275277
[1, 6] = 0.37941
[1, 7] = 0.33093
[1, 8] = 0.501373
[1, 9] = 0.279872
[1, 10] = 0.13773
[1, 11] = 0.211281
[1, 12] = 0.116625
[1, 13] = 0.098504
[1, 14] = 0.0742927
[1, 15] = 0.0957768
[1, 16] = 0.119209
[1, 17] = 0.0953636
[1, 18] = 0.147536
[1, 19] = 0.166709
[1, 20] = 0.209078
[1, 21] = 0.136195
[1, 22] = 0.180655
[1, 23] = 0.609945
[1, 24] = 0.760708
[1, 25] = 0.391758
[1, 26] = 0.730591
[1, 27] = 0.561374
[1, 28] = 1.39294
[1, 29] = 1.00357
[1, 30] = 5.6604
[1, 31] = 0.40193
[2, 0] = 21.6253
[2, 1] = 3.27787
[2, 2] = 2.43198
[2, 3] = 0.275061
[2, 4] = 3.98488
[2, 5] = 0.761263
[2, 6] = 0.427909
[2, 7] = 0.489659
[2, 8] = 0.593362
[2, 9] = 0.627363
[2, 10] = 0.257419
[2, 11] = 0.115233
[2, 12] = 0.436055
[2, 13] = 0.378
[2, 14] = 0.190037
[2, 15] = 0.15553
[2, 16] = 0.173309
[2, 17] = 0.13167
[2, 18] = 0.0836112
[2, 19] = 0.236477
[2, 20] = 0.272866
[2, 21] = 0.108908
[2, 22] = 0.121585
[2, 23] = 0.428937
[2, 24] = 0.581886
[2, 25] = 0.594028
[2, 26] = 1.10271
[2, 27] = 0.532036
[2, 28] = 3.19939
[2, 29] = 1.69036
[2, 30] = 1.92628
[2, 31] = 3.88044
[3, 0] = 3.23322
[3, 1] = 1.40608
[3, 2] = 7.27896
[3, 3] = 2.86686
[3, 4] = 1.30887
[3, 5] = 0.547398
[3, 6] = 0.66533
[3, 7] = 0.244183
[3, 8] = 0.292629
[3, 9] = 0.247725
[3, 10] = 0.0549455
[3, 11] = 0.254432
[3, 12] = 0.18586
[3, 13] = 0.0476115
[3, 14] = 0.145608
[3, 15] = 0.091834
[3, 16] = 0.14963
[3, 17] = 0.13267
[3, 18] = 0.296012
[3, 19] = 0.0779737
[3, 20] = 0.19956
[3, 21] = 0.284679
[3, 22] = 0.326274
[3, 23] = 0.259226
[3, 24] = 0.286147
[3, 25] = 0.272485
[3, 26] = 0.470392
[3, 27] = 0.578996
[3, 28] = 1.41239
[3, 29] = 2.84397
[3, 30] = 5.12134
[3, 31] = 1.42166
[4, 0] = 2.66652
[4, 1] = 0.748387
[4, 2] = 3.05836
[4, 3] = 0.28741
[4, 4] = 3.09043
[4, 5] = 1.56057
[4, 6] = 0.199624
[4, 7] = 0.371217
[4, 8] = 0.227117
[4, 9] = 0.231777
[4, 10] = 0.14514
[4, 11] = 0.151212
[4, 12] = 0.0533368
[4, 13] = 0.0774794
[4, 14] = 0.0447661
[4, 15] = 0.06658
[4, 16] = 0.0715213
[4, 17] = 0.0193056
[4, 18] = 0.100382
[4, 19] = 0.0281771
[4, 20] = 0.0767759
[4, 21] = 0.238532
[4, 22] = 0.214804
[4, 23] = 0.280156
[4, 24] = 0.266111
[4, 25] = 0.550013
[4, 26] = 0.0713501
[4, 27] = 2.20441
[4, 28] = 2.85184
[4, 29] = 0.824704
[4, 30] = 2.45481
[4, 31] = 0.907958
[5, 0] = 0.220265
[5, 1] = 1.2887
[5, 2] = 2.3898
[5, 3] = 1.94743
[5, 4] = 2.37883
[5, 5] = 0.447516
[5, 6] = 0.370697
[5, 7] = 0.516593
[5, 8] = 0.329934
[5, 9] = 0.0690556
[5, 10] = 0.103414
[5, 11] = 0.128777
[5, 12] = 0.0647423
[5, 13] = 0.141484
[5, 14] = 0.104032
[5, 15] = 0.0644796
[5, 16] = 0.0164931
[5, 17] = 0.0541822
[5, 18] = 0.0766904
[5, 19] = 0.0848254
[5, 20] = 0.0346628
[5, 21] = 0.132829
[5, 22] = 0.165752
[5, 23] = 0.153289
[5, 24] = 0.321601
[5, 25] = 0.374092
[5, 26] = 0.708249
[5, 27] = 0.433466
[5, 28] = 3.28666
[5, 29] = 1.65248
[5, 30] = 2.2
[5, 31] = 1.15015
[6, 0] = 0.050526
[6, 1] = 0.531137
[6, 2] = 0.939273
[6, 3] = 0.478488
[6, 4] = 0.572419
[6, 5] = 0.759729
[6, 6] = 0.860517
[6, 7] = 0.300651
[6, 8] = 0.388316
[6, 9] = 0.225236
[6, 10] = 0.124189
[6, 11] = 0.165646
[6, 12] = 0.0780477
[6, 13] = 0.0069894
[6, 14] = 0.148047
[6, 15] = 0.098259
[6, 16] = 0.0535145
[6, 17] = 0.0553445
[6, 18] = 0.138351
[6, 19] = 0.075963
[6, 20] = 0.159869
[6, 21] = 0.184927
[6, 22] = 0.104185
[6, 23] = 0.242502
[6, 24] = 0.40686
[6, 25] = 0.480222
[6, 26] = 0.783952
[6, 27] = 0.68075
[6, 28] = 1.17732
[6, 29] = 0.783462
[6, 30] = 1.32187
[6, 31] = 0.868332
[7, 0] = 0.482686
[7, 1] = 0.438027
[7, 2] = 0.485897
[7, 3] = 1.92096
[7, 4] = 1.16928
[7, 5] = 0.668283
[7, 6] = 0.669262
[7, 7] = 0.136256
[7, 8] = 0.161085
[7, 9] = 0.310143
[7, 10] = 0.420751
[7, 11] = 0.195154
[7, 12] = 0.0249253
[7, 13] = 0.119217
[7, 14] = 0.15363
[7, 15] = 0.0736381
[7, 16] = 0.062997
[7, 17] = 0.171933
[7, 18] = 0.0362088
[7, 19] = 0.0477003
[7, 20] = 0.180459
[7, 21] = 0.188667
[7, 22] = 0.54964
[7, 23] = 0.440574
[7, 24] = 0.322392
[7, 25] = 0.350481
[7, 26] = 0.700812
[7, 27] = 0.637645
[7, 28] = 2.07938
[7, 29] = 0.985051
[7, 30] = 1.21409
[7, 31] = 0.291328
[8, 0] = 0.0624705
[8, 1] = 0.455414
[8, 2] = 0.977399
[8, 3] = 0.201695
[8, 4] = 0.598567
[8, 5] = 0.700304
[8, 6] = 0.41007
[8, 7] = 0.349628
[8, 8] = 0.183765
[8, 9] = 0.315769
[8, 10] = 0.0401723
[8, 11] = 0.0748122
[8, 12] = 0.0255709
[8, 13] = 0.0503711
[8, 14] = 0.122361
[8, 15] = 0.0168774
[8, 16] = 0.130861
[8, 17] = 0.0310586
[8, 18] = 0.174437
[8, 19] = 0.198399
[8, 20] = 0.344319
[8, 21] = 0.0749096
[8, 22] = 0.244559
[8, 23] = 0.318401
[8, 24] = 0.197666
[8, 25] = 0.246073
[8, 26] = 0.357274
[8, 27] = 1.12883
[8, 28] = 0.282034
[8, 29] = 0.839309
[8, 30] = 1.09615
[8, 31] = 0.347974
[9, 0] = 0.095378
[9, 1] = 0.608586
[9, 2] = 0.426857
[9, 3] = 1.18614
[9, 4] = 1.05992
[9, 5] = 0.880689
[9, 6] = 0.330791
[9, 7] = 0.431972
[9, 8] = 0.174171
[9, 9] = 0.209047
[9, 10] = 0.128443
[9, 11] = 0.159964
[9, 12] = 0.0912759
[9, 13] = 0.0478338
[9, 14] = 0.105629
[9, 15] = 0.144596
[9, 16] = 0.0104554
[9, 17] = 0.140598
[9, 18] = 0.271345
[9, 19] = 0.0193001
[9, 20] = 0.325865
[9, 21] = 0.209601
[9, 22] = 0.125508
[9, 23] = 0.143313
[9, 24] = 0.682717
[9, 25] = 0.546349
[9, 26] = 0.17446
[9, 27] = 0.931181
[9, 28] = 1.00969
[9, 29] = 0.50663
[9, 30] = 0.396056
[9, 31] = 0.767616
[10, 0] = 0.516905
[10, 1] = 0.440967
[10, 2] = 0.482285
[10, 3] = 0.415171
[10, 4] = 0.508028
[10, 5] = 0.415462
[10, 6] = 0.316929
[10, 7] = 0.313543
[10, 8] = 0.188304
[10, 9] = 0.058956
[10, 10] = 0.226185
[10, 11] = 0.0396197
[10, 12] = 0.177139
[10, 13] = 0.122687
[10, 14] = 0.0446282
[10, 15] = 0.0794867
[10, 16] = 0.0562541
[10, 17] = 0.0858475
[10, 18] = 0.119892
[10, 19] = 0.11367
[10, 20] = 0.120523
[10, 21] = 0.067992
[10, 22] = 0.311358
[10, 23] = 0.181369
[10, 24] = 0.207125
[10, 25] = 0.448696
[10, 26] = 0.728657
[10, 27] = 0.49807
[10, 28] = 0.752361
[10, 29] = 0.485711
[10, 30] = 0.334118
[10, 31] = 0.432617
[11, 0] = 1.04155
[11, 1] = 0.458141
[11, 2] = 0.221889
[11, 3] = 0.436451
[11, 4] = 0.766466
[11, 5] = 0.650537
[11, 6] = 0.175758
[11, 7] = 0.641222
[11, 8] = 0.0941414
[11, 9] = 0.121227
[11, 10] = 0.26546
[11, 11] = 0.0796168
[11, 12] = 0.0912489
[11, 13] = 0.123349
[11, 14] = 0.0694133
[11, 15] = 0.0447082
[11, 16] = 0.0298857
[11, 17] = 0.0465787
[11, 18] = 0.0707655
[11, 19] = 0.0943545
[11, 20] = 0.121009
[11, 21] = 0.15542
[11, 22] = 0.279126
[11, 23] = 0.0934887
[11, 24] = 0.33565
[11, 25] = 0.978415
[11, 26] = 0.42471
[11, 27] = 0.645372
[11, 28] = 0.921125
[11, 29] = 0.138939
[11, 30] = 0.185252
[11, 31] = 0.455823
[12, 0] = 0.67429
[12, 1] = 0.214926
[12, 2] = 0.334905
[12, 3] = 0.271101
[12, 4] = 0.555627
[12, 5] = 0.135277
[12, 6] = 0.429937
[12, 7] = 0.304662
[12, 8] = 0.210185
[12, 9] = 0.0460075
[12, 10] = 0.0880478
[12, 11] = 0.175409
[12, 12] = 0.00955158
[12, 13] = 0.0328435
[12, 14] = 0.087978
[12, 15] = 0.0679699
[12, 16] = 0.00660748
[12, 17] = 0.0699757
[12, 18] = 0.103636
[12, 19] = 0.0465718
[12, 20] = 0.0485837
[12, 21] = 0.167756
[12, 22] = 0.131589
[12, 23] = 0.115582
[12, 24] = 0.208956
[12, 25] = 0.306231
[12, 26] = 0.459888
[12, 27] = 0.13199
[12, 28] = 0.474341
[12, 29] = 0.221796
[12, 30] = 0.344531
[12, 31] = 0.493189
[13, 0] = 0.575545
[13, 1] = 0.311065
[13, 2] = 0.302215
[13, 3] = 0.188214
[13, 4] = 0.407572
[13, 5] = 0.322923
[13, 6] = 0.299947
[13, 7] = 0.275601
[13, 8] = 0.103405
[13, 9] = 0.21852
[13, 10] = 0.261566
[13, 11] = 0.0841203
[13, 12] = 0.080852
[13, 13] = 0.116581
[13, 14] = 0.0463933
[13, 15] = 0.130681
[13, 16] = 0.0304029
[13, 17] = 0.128192
[13, 18] = 0.0654254
[13, 19] = 0.0691034
[13, 20] = 0.0930733
[13, 21] = 0.132373
[13, 22] = 0.268856
[13, 23] = 0.19666
[13, 24] = 0.227816
[13, 25] = 0.743645
[13, 26] = 0.460137
[13, 27] = 0.302675
[13, 28] = 0.377212
[13, 29] = 0.415599
[13, 30] = 0.573563
[13, 31] = 0.151901
[14, 0] = 0.646925
[14, 1] = 0.147058
[14, 2] = 0.284366
[14, 3] = 0.0921877
[14, 4] = 0.270018
[14, 5] = 0.109819
[14, 6] = 0.377353
[14, 7] = 0.112732
[14, 8] = 0.0435507
[14, 9] = 0.100255
[14, 10] = 0.0896789
[14, 11] = 0.0580342
[14, 12] = 0.0521908
[14, 13] = 0.0299758
[14, 14] = 0.0145807
[14, 15] = 0.101877
[14, 16] = 0.0159022
[14, 17] = 0.104648
[14, 18] = 0.0633295
[14, 19] = 0.0629663
[14, 20] = 0.0505586
[14, 21] = 0.126434
[14, 22] = 0.121036
[14, 23] = 0.123249
[14, 24] = 0.259611
[14, 25] = 0.113071
[14, 26] = 0.538183
[14, 27] = 0.0419302
[14, 28] = 0.231153
[14, 29] = 0.0793083
[14, 30] = 0.442767
[14, 31] = 0.0354535
[15, 0] = 0.812809
[15, 1] = 0.0974211
[15, 2] = 0.395318
[15, 3] = 0.138837
[15, 4] = 0.131213
[15, 5] = 0.0915993
[15, 6] = 0.102337
[15, 7] = 0.0715467
[15, 8] = 0.137534
[15, 9] = 0.198023
[15, 10] = 0.0360947
[15, 11] = 0.0765558
[15, 12] = 0.0652745
[15, 13] = 0.0219675
[15, 14] = 0.0462172
[15, 15] = 0.0964962
[15, 16] = 0.00242861
[15, 17] = 0.11434
[15, 18] = 0.0395362
[15, 19] = 0.0319848
[15, 20] = 0.0809105
[15, 21] = 0.0751129
[15, 22] = 0.0917518
[15, 23] = 0.257397
[15, 24] = 0.134548
[15, 25] = 0.0893515
[15, 26] = 0.114853
[15, 27] = 0.135793
[15, 28] = 0.150874
[15, 29] = 0.205739
[15, 30] = 0.352725
[15, 31] = 0.150721
[16, 0] = 0.770508
[16, 1] = 0.040723
[16, 2] = 0.452534
[16, 3] = 0.227385
[16, 4] = 0.160829
[16, 5] = 0.092078
[16, 6] = 0.300733
[16, 7] = 0.173686
[16, 8] = 0.249033
[16, 9] = 0.0658313
[16, 10] = 0.153277
[16, 11] = 0.0875862
[16, 12] = 0.0171458
[16, 13] = 0.0413349
[16, 14] = 0.038908
[16, 15] = 0.0347266
[16, 16] = 0.0341797
[16, 17] = 0.0347266
[16, 18] = 0.0389067
[16, 19] = 0.0413331
[16, 20] = 0.0171454
[16, 21] = 0.0875877
[16, 22] = 0.153279
[16, 23] = 0.0658348
[16, 24] = 0.249034
[16, 25] = 0.173689
[16, 26] = 0.300737
[16, 27] = 0.0920803
[16, 28] = 0.160827
[16, 29] = 0.227382
[16, 30] = 0.452529
[16, 31] = 0.0407289
[17, 0] = 0.812816
[17, 1] = 0.183848
[17, 2] = 0.329514
[17, 3] = 0.182161
[17, 4] = 0.212673
[17, 5] = 0.113749
[17, 6] = 0.0621629
[17, 7] = 0.139494
[17, 8] = 0.206217
[17, 9] = 0.258988
[17, 10] = 0.155642
[17, 11] = 0.0805409
[17, 12] = 0.0760815
[17, 13] = 0.0647317
[17, 14] = 0.0721031
[17, 15] = 0.065636
[17, 16] = 0.00242865
[17, 17] = 0.0233652
[17, 18] = 0.0759731
[17, 19] = 0.0604121
[17, 20] = 0.0591791
[17, 21] = 0.0818878
[17, 22] = 0.130792
[17, 23] = 0.200089
[17, 24] = 0.208176
[17, 25] = 0.1288
[17, 26] = 0.0338444
[17, 27] = 0.0537479
[17, 28] = 0.199203
[17, 29] = 0.100628
[17, 30] = 0.374738
[17, 31] = 0.143446
[18, 0] = 0.646944
[18, 1] = 0.14933
[18, 2] = 0.483109
[18, 3] = 0.0608097
[18, 4] = 0.0619121
[18, 5] = 0.164097
[18, 6] = 0.436089
[18, 7] = 0.121048
[18, 8] = 0.386028
[18, 9] = 0.0863837
[18, 10] = 0.0849664
[18, 11] = 0.130237
[18, 12] = 0.0478978
[18, 13] = 0.092468
[18, 14] = 0.103324
[18, 15] = 0.0622377
[18, 16] = 0.0159038
[18, 17] = 0.0574564
[18, 18] = 0.0829272
[18, 19] = 0.0740563
[18, 20] = 0.049617
[18, 21] = 0.0659098
[18, 22] = 0.0247352
[18, 23] = 0.0482112
[18, 24] = 0.288987
[18, 25] = 0.120732
[18, 26] = 0.207205
[18, 27] = 0.192958
[18, 28] = 0.15268
[18, 29] = 0.0768603
[18, 30] = 0.34381
[18, 31] = 0.206565
[19, 0] = 0.575588
[19, 1] = 0.130735
[19, 2] = 0.610638
[19, 3] = 0.421903
[19, 4] = 0.45197
[19, 5] = 0.119224
[19, 6] = 0.401548
[19, 7] = 0.776455
[19, 8] = 0.22193
[19, 9] = 0.0662071
[19, 10] = 0.28749
[19, 11] = 0.123866
[19, 12] = 0.0510543
[19, 13] = 0.0808466
[19, 14] = 0.0795209
[19, 15] = 0.130722
[19, 16] = 0.0304044
[19, 17] = 0.133166
[19, 18] = 0.0647724
[19, 19] = 0.123905
[19, 20] = 0.0219388
[19, 21] = 0.0699763
[19, 22] = 0.280682
[19, 23] = 0.116014
[19, 24] = 0.0896853
[19, 25] = 0.354713
[19, 26] = 0.198717
[19, 27] = 0.163966
[19, 28] = 0.4776
[19, 29] = 0.201741
[19, 30] = 0.367757
[19, 31] = 0.301282
[20, 0] = 0.674338
[20, 1] = 0.503435
[20, 2] = 0.356859
[20, 3] = 0.2581
[20, 4] = 0.199685
[20, 5] = 0.0884123
[20, 6] = 0.360545
[20, 7] = 0.302847
[20, 8] = 0.211929
[20, 9] = 0.203783
[20, 10] = 0.112813
[20, 11] = 0.108646
[20, 12] = 0.0780105
[20, 13] = 0.0350794
[20, 14] = 0.0592035
[20, 15] = 0.0722684
[20, 16] = 0.00660752
[20, 17] = 0.0703305
[20, 18] = 0.0224563
[20, 19] = 0.0118484
[20, 20] = 0.0617894
[20, 21] = 0.120128
[20, 22] = 0.0562546
[20, 23] = 0.174025
[20, 24] = 0.213136
[20, 25] = 0.301279
[20, 26] = 0.321479
[20, 27] = 0.0932504
[20, 28] = 0.351573
[20, 29] = 0.301526
[20, 30] = 0.347555
[20, 31] = 0.237533
[21, 0] = 1.04159
[21, 1] = 0.189232
[21, 2] = 0.115764
[21, 3] = 0.290998
[21, 4] = 1.2491
[21, 5] = 0.486946
[21, 6] = 0.543925
[21, 7] = 0.746237
[21, 8] = 0.494242
[21, 9] = 0.0304802
[21, 10] = 0.37031
[21, 11] = 0.153891
[21, 12] = 0.253119
[21, 13] = 0.215673
[21, 14] = 0.0716686
[21, 15] = 0.0393095
[21, 16] = 0.0298844
[21, 17] = 0.0370681
[21, 18] = 0.0703372
[21, 19] = 0.229848
[21, 20] = 0.240311
[21, 21] = 0.0765497
[21, 22] = 0.360117
[21, 23] = 0.082977
[21, 24] = 0.37479
[21, 25] = 0.103736
[21, 26] = 0.382538
[21, 27] = 0.493787
[21, 28] = 1.13983
[21, 29] = 0.505822
[21, 30] = 0.168276
[21, 31] = 0.194691
[22, 0] = 0.516977
[22, 1] = 0.172548
[22, 2] = 0.363829
[22, 3] = 0.298208
[22, 4] = 0.666696
[22, 5] = 0.587989
[22, 6] = 0.884813
[22, 7] = 0.327982
[22, 8] = 0.228611
[22, 9] = 0.313642
[22, 10] = 0.436275
[22, 11] = 0.10408
[22, 12] = 0.0563315
[22, 13] = 0.049236
[22, 14] = 0.134982
[22, 15] = 0.0420456
[22, 16] = 0.0562555
[22, 17] = 0.0267602
[22, 18] = 0.0763937
[22, 19] = 0.0674965
[22, 20] = 0.141515
[22, 21] = 0.0881933
[22, 22] = 0.38019
[22, 23] = 0.262588
[22, 24] = 0.211708
[22, 25] = 0.0674787
[22, 26] = 0.593629
[22, 27] = 0.51986
[22, 28] = 0.369514
[22, 29] = 0.159366
[22, 30] = 0.503301
[22, 31] = 0.192569
[23, 0] = 0.0952606
[23, 1] = 0.570024
[23, 2] = 0.327932
[23, 3] = 0.66576
[23, 4] = 0.844039
[23, 5] = 1.09661
[23, 6] = 0.481298
[23, 7] = 0.778307
[23, 8] = 0.89429
[23, 9] = 0.0315376
[23, 10] = 0.153708
[23, 11] = 0.220889
[23, 12] = 0.372579
[23, 13] = 0.046638
[23, 14] = 0.283316
[23, 15] = 0.139918
[23, 16] = 0.0104486
[23, 17] = 0.143936
[23, 18] = 0.133417
[23, 19] = 0.0639592
[23, 20] = 0.202374
[23, 21] = 0.174482
[23, 22] = 0.156116
[23, 23] = 0.155413
[23, 24] = 0.603279
[23, 25] = 0.702757
[23, 26] = 0.557367
[23, 27] = 1.05406
[23, 28] = 0.903491
[23, 29] = 1.26234
[23, 30] = 0.364553
[23, 31] = 0.325681
[24, 0] = 0.0625884
[24, 1] = 0.51647
[24, 2] = 0.676108
[24, 3] = 1.0162
[24, 4] = 0.996916
[24, 5] = 1.34346
[24, 6] = 0.180913
[24, 7] = 0.00962141
[24, 8] = 0.211376
[24, 9] = 0.274893
[24, 10] = 0.308437
[24, 11] = 0.131107
[24, 12] = 0.471033
[24, 13] = 0.238348
[24, 14] = 0.175425
[24, 15] = 0.0446068
[24, 16] = 0.130856
[24, 17] = 0.0361965
[24, 18] = 0.123777
[24, 19] = 0.141372
[24, 20] = 0.322437
[24, 21] = 0.13105
[24, 22] = 0.192193
[24, 23] = 0.271857
[24, 24] = 0.198436
[24, 25] = 0.248557
[24, 26] = 0.270635
[24, 27] = 1.01046
[24, 28] = 1.1281
[24, 29] = 0.607273
[24, 30] = 0.459247
[24, 31] = 0.594181
[25, 0] = 0.482801
[25, 1] = 0.477353
[25, 2] = 1.26533
[25, 3] = 0.550355
[25, 4] = 1.77258
[25, 5] = 0.578885
[25, 6] = 0.675611
[25, 7] = 0.567834
[25, 8] = 0.311503
[25, 9] = 0.318385
[25, 10] = 0.407589
[25, 11] = 0.184406
[25, 12] = 0.230414
[25, 13] = 0.0539244
[25, 14] = 0.111965
[25, 15] = 0.173313
[25, 16] = 0.062999
[25, 17] = 0.0767981
[25, 18] = 0.186618
[25, 19] = 0.121845
[25, 20] = 0.145413
[25, 21] = 0.191033
[25, 22] = 0.202674
[25, 23] = 0.0588043
[25, 24] = 0.137983
[25, 25] = 0.467119
[25, 26] = 0.642806
[25, 27] = 0.612455
[25, 28] = 0.430637
[25, 29] = 1.73858
[25, 30] = 0.602716
[25, 31] = 0.57868
[26, 0] = 0.0507214
[26, 1] = 1.75397
[26, 2] = 0.961055
[26, 3] = 0.683431
[26, 4] = 1.11285
[26, 5] = 0.265393
[26, 6] = 0.397602
[26, 7] = 0.472076
[26, 8] = 0.222356
[26, 9] = 0.247373
[26, 10] = 0.141032
[26, 11] = 0.200126
[26, 12] = 0.164219
[26, 13] = 0.100447
[26, 14] = 0.0502925
[26, 15] = 0.0385128
[26, 16] = 0.0535199
[26, 17] = 0.0898674
[26, 18] = 0.0728412
[26, 19] = 0.0660901
[26, 20] = 0.0866086
[26, 21] = 0.182453
[26, 22] = 0.15639
[26, 23] = 0.230471
[26, 24] = 0.1863
[26, 25] = 0.287477
[26, 26] = 0.532924
[26, 27] = 0.429164
[26, 28] = 0.42421
[26, 29] = 0.286747
[26, 30] = 0.242073
[26, 31] = 1.61385
[27, 0] = 0.220559
[27, 1] = 0.355671
[27, 2] = 1.96698
[27, 3] = 0.508997
[27, 4] = 2.4645
[27, 5] = 0.519603
[27, 6] = 0.670153
[27, 7] = 0.324388
[27, 8] = 0.348681
[27, 9] = 0.239967
[27, 10] = 0.15791
[27, 11] = 0.129829
[27, 12] = 0.0661102
[27, 13] = 0.0252598
[27, 14] = 0.0403932
[27, 15] = 0.0513271
[27, 16] = 0.016496
[27, 17] = 0.0621007
[27, 18] = 0.0810773
[27, 19] = 0.11602
[27, 20] = 0.0857979
[27, 21] = 0.125691
[27, 22] = 0.0903188
[27, 23] = 0.197123
[27, 24] = 0.356385
[27, 25] = 0.481825
[27, 26] = 0.291345
[27, 27] = 0.531369
[27, 28] = 0.964882
[27, 29] = 1.14937
[27, 30] = 2.17728
[27, 31] = 0.681417
[28, 0] = 2.66634
[28, 1] = 1.03027
[28, 2] = 1.2393
[28, 3] = 1.43303
[28, 4] = 1.53864
[28, 5] = 1.7777
[28, 6] = 0.293728
[28, 7] = 0.553
[28, 8] = 0.163047
[28, 9] = 0.258604
[28, 10] = 0.159838
[28, 11] = 0.235161
[28, 12] = 0.094156
[28, 13] = 0.0770276
[28, 14] = 0.116472
[28, 15] = 0.0938297
[28, 16] = 0.0715126
[28, 17] = 0.113429
[28, 18] = 0.0741196
[28, 19] = 0.10557
[28, 20] = 0.0762631
[28, 21] = 0.145848
[28, 22] = 0.02193
[28, 23] = 0.205196
[28, 24] = 0.0858237
[28, 25] = 0.375655
[28, 26] = 0.347927
[28, 27] = 0.858049
[28, 28] = 1.94565
[28, 29] = 1.20659
[28, 30] = 2.20561
[28, 31] = 0.892807
[29, 0] = 3.23285
[29, 1] = 1.08655
[29, 2] = 1.44126
[29, 3] = 1.20772
[29, 4] = 0.762276
[29, 5] = 1.2304
[29, 6] = 0.253418
[29, 7] = 0.274735
[29, 8] = 0.231318
[29, 9] = 0.26405
[29, 10] = 0.406503
[29, 11] = 0.287301
[29, 12] = 0.218066
[29, 13] = 0.0886381
[29, 14] = 0.274211
[29, 15] = 0.122131
[29, 16] = 0.149614
[29, 17] = 0.0758404
[29, 18] = 0.0937138
[29, 19] = 0.0636003
[29, 20] = 0.2056
[29, 21] = 0.257369
[29, 22] = 0.248634
[29, 23] = 0.252771
[29, 24] = 0.239277
[29, 25] = 0.246707
[29, 26] = 0.534435
[29, 27] = 1.21586
[29, 28] = 0.547118
[29, 29] = 1.26082
[29, 30] = 5.36985
[29, 31] = 1.06594
[30, 0] = 21.6265
[30, 1] = 2.21726
[30, 2] = 0.615696
[30, 3] = 2.21449
[30, 4] = 1.72314
[30, 5] = 0.175678
[30, 6] = 1.13848
[30, 7] = 0.543696
[30, 8] = 0.25275
[30, 9] = 0.184184
[30, 10] = 0.0985406
[30, 11] = 0.10306
[30, 12] = 0.0839651
[30, 13] = 0.162108
[30, 14] = 0.0718568
[30, 15] = 0.130242
[30, 16] = 0.173334
[30, 17] = 0.154329
[30, 18] = 0.185199
[30, 19] = 0.336536
[30, 20] = 0.35037
[30, 21] = 0.10973
[30, 22] = 0.247407
[30, 23] = 0.493517
[30, 24] = 0.278229
[30, 25] = 0.427218
[30, 26] = 0.51304
[30, 27] = 0.572169
[30, 28] = 2.93464
[30, 29] = 1.45683
[30, 30] = 1.60712
[30, 31] = 0.7763
[31, 0] = 3.32175
[31, 1] = 0.484055
[31, 2] = 6.07424
[31, 3] = 0.165431
[31, 4] = 1.20102
[31, 5] = 0.995342
[31, 6] = 0.658656
[31, 7] = 0.375798
[31, 8] = 0.974459
[31, 9] = 0.614137
[31, 10] = 0.182979
[31, 11] = 0.158678
[31, 12] = 0.255042
[31, 13] = 0.137978
[31, 14] = 0.137956
[31, 15] = 0.095447
[31, 16] = 0.119202
[31, 17] = 0.0958657
[31, 18] = 0.0527958
[31, 19] = 0.0308798
[31, 20] = 0.186917
[31, 21] = 0.226437
[31, 22] = 0.140783
[31, 23] = 0.288952
[31, 24] = 0.788829
[31, 25] = 0.311847
[31, 26] = 0.209892
[31, 27] = 0.866808
[31, 28] = 0.443088
[31, 29] = 0.790985
[31, 30] = 5.45895
[31, 31] = 0.793429
