[0, 0] = 169.995
[0, 1] = 2.44278
[0, 2] = 5.1203
[0, 3] = 0.599149
[0, 4] = 3.11287
[0, 5] = 0.827728
[0, 6] = 1.10827
[0, 7] = 0.708941
[0, 8] = 0.635719
[0, 9] = 0.297741
[0, 10] = 0.206962
[0, 11] = 0.202561
[0, 12] = 0.196173
[0, 13] = 0.107936
[0, 14] = 0.16859
[0, 15] = 0.0252423
[0, 16] = 0.0732422
[0, 17] = 0.025174
[0, 18] = 0.168591
[0, 19] = 0.107829
[0, 20] = 0.196137
[0, 21] = 0.202445
[0, 22] = 0.206893
[0, 23] = 0.297633
[0, 24] = 0.635571
[0, 25] = 0.709072
[0, 26] = 1.1081
[0, 27] = 0.827866
[0, 28] = 3.11293
[0, 29] = 0.599482
[0, 30] = 5.11975
[0, 31] = 2.44258
[1, 0] = 1.60743
[1, 1] = 1.58082
[1, 2] = 7.09151
[1, 3] = 0.670733
[1, 4] = 2.79812
[1, 5] = 0.818529
[1, 6] = 0.36563
[1, 7] = 0.330738
[1, 8] = 0.507771
[1, 9] = 0.0698171
[1, 10] = 0.197749
[1, 11] = 0.0366275
[1, 12] = 0.0687067
[1, 13] = 0.0784934
[1, 14] = 0.170863
[1, 15] = 0.129521
[1, 16] = 0.0749118
[1, 17] = 0.0822424
[1, 18] = 0.130809
[1, 19] = 0.0581283
[1, 20] = 0.0605572
[1, 21] = 0.114644
[1, 22] = 0.214358
[1, 23] = 0.140282
[1, 24] = 0.500487
[1, 25] = 0.43606
[1, 26] = 0.8121
[1, 27] = 0.765313
[1, 28] = 3.01815
[1, 29] = 0.388503
[1, 30] = 11.0027
[1, 31] = 2.03985
[2, 0] = 1.45909
[2, 1] = 2.87734
[2, 2] = 4.606
[2, 3] = 3.02202
[2, 4] = 3.13261
[2, 5] = 0.0563728
[2, 6] = 0.374336
[2, 7] = 0.360135
[2, 8] = 0.301211
[2, 9] = 0.499703
[2, 10] = 0.152242
[2, 11] = 0.24742
[2, 12] = 0.125675
[2, 13] = 0.180212
[2, 14] = 0.0806427
[2, 15] = 0.129829
[2, 16] = 0.113067
[2, 17] = 0.114508
[2, 18] = 0.122843
[2, 19] = 0.0991775
[2, 20] = 0.17082
[2, 21] = 0.188477
[2, 22] = 0.0239904
[2, 23] = 0.277419
[2, 24] = 0.263589
[2, 25] = 0.391063
[2, 26] = 0.212499
[2, 27] = 0.168557
[2, 28] = 3.66017
[2, 29] = 1.80312
[2, 30] = 4.60823
[2, 31] = 3.26458
[3, 0] = 8.19491
[3, 1] = 5.82627
[3, 2] = 4.50958
[3, 3] = 0.378295
[3, 4] = 1.6817
[3, 5] = 0.841565
[3, 6] = 0.369711
[3, 7] = 0.306616
[3, 8] = 0.36624
[3, 9] = 0.174078
[3, 10] = 0.127303
[3, 11] = 0.263452
[3, 12] = 0.124368
[3, 13] = 0.0991508
[3, 14] = 0.114485
[3, 15] = 0.159368
[3, 16] = 0.0577503
[3, 17] = 0.175447
[3, 18] = 0.221454
[3, 19] = 0.206728
[3, 20] = 0.107999
[3, 21] = 0.263104
[3, 22] = 0.11152
[3, 23] = 0.421447
[3, 24] = 0.844263
[3, 25] = 1.23223
[3, 26] = 0.71274
[3, 27] = 0.993572
[3, 28] = 2.4177
[3, 29] = 0.337345
[3, 30] = 0.518891
[3, 31] = 4.99139
[4, 0] = 2.18112
[4, 1] = 1.69605
[4, 2] = 4.14376
[4, 3] = 1.14775
[4, 4] = 1.68264
[4, 5] = 0.0978933
[4, 6] = 0.485185
[4, 7] = 0.419473
[4, 8] = 0.161944
[4, 9] = 0.0632149
[4, 10] = 0.324022
[4, 11] = 0.0538322
[4, 12] = 0.243171
[4, 13] = 0.137495
[4, 14] = 0.0741906
[4, 15] = 0.0636916
[4, 16] = 0.0731537
[4, 17] = 0.107437
[4, 18] = 0.114537
[4, 19] = 0.150096
[4, 20] = 0.149749
[4, 21] = 0.235987
[4, 22] = 0.180031
[4, 23] = 0.114812
[4, 24] = 0.731992
[4, 25] = 0.731537
[4, 26] = 0.395295
[4, 27] = 0.709537
[4, 28] = 2.11199
[4, 29] = 1.14016
[4, 30] = 1.4698
[4, 31] = 1.92947
[5, 0] = 1.96836
[5, 1] = 2.52694
[5, 2] = 0.658212
[5, 3] = 0.206328
[5, 4] = 1.28657
[5, 5] = 0.409144
[5, 6] = 0.569654
[5, 7] = 0.544485
[5, 8] = 0.284453
[5, 9] = 0.222487
[5, 10] = 0.187134
[5, 11] = 0.514824
[5, 12] = 0.195734
[5, 13] = 0.22423
[5, 14] = 0.0977414
[5, 15] = 0.102152
[5, 16] = 0.0315815
[5, 17] = 0.08702
[5, 18] = 0.0825449
[5, 19] = 0.189363
[5, 20] = 0.20655
[5, 21] = 0.462666
[5, 22] = 0.209469
[5, 23] = 0.169293
[5, 24] = 0.422798
[5, 25] = 0.515429
[5, 26] = 0.704334
[5, 27] = 0.313741
[5, 28] = 1.3263
[5, 29] = 0.0792698
[5, 30] = 1.12829
[5, 31] = 2.63285
[6, 0] = 2.85911
[6, 1] = 1.11089
[6, 2] = 1.54361
[6, 3] = 0.36113
[6, 4] = 0.450573
[6, 5] = 0.672221
[6, 6] = 0.162416
[6, 7] = 0.141578
[6, 8] = 0.109982
[6, 9] = 0.134019
[6, 10] = 0.328
[6, 11] = 0.1949
[6, 12] = 0.0749033
[6, 13] = 0.105154
[6, 14] = 0.0605539
[6, 15] = 0.0734687
[6, 16] = 0.0421509
[6, 17] = 0.105017
[6, 18] = 0.0212483
[6, 19] = 0.240664
[6, 20] = 0.0735507
[6, 21] = 0.199125
[6, 22] = 0.355343
[6, 23] = 0.0984905
[6, 24] = 0.153342
[6, 25] = 0.141486
[6, 26] = 0.808621
[6, 27] = 1.17918
[6, 28] = 1.12567
[6, 29] = 0.53997
[6, 30] = 3.8392
[6, 31] = 0.531279
[7, 0] = 0.581884
[7, 1] = 0.6236
[7, 2] = 1.25933
[7, 3] = 0.890283
[7, 4] = 0.532021
[7, 5] = 0.665275
[7, 6] = 0.305859
[7, 7] = 0.370588
[7, 8] = 0.404325
[7, 9] = 0.519703
[7, 10] = 0.369843
[7, 11] = 0.114825
[7, 12] = 0.101684
[7, 13] = 0.161897
[7, 14] = 0.131902
[7, 15] = 0.121132
[7, 16] = 0.021321
[7, 17] = 0.0666832
[7, 18] = 0.0850788
[7, 19] = 0.0163232
[7, 20] = 0.0712872
[7, 21] = 0.187699
[7, 22] = 0.290947
[7, 23] = 0.741608
[7, 24] = 0.295276
[7, 25] = 0.44117
[7, 26] = 1.0029
[7, 27] = 1.06804
[7, 28] = 0.679618
[7, 29] = 0.785329
[7, 30] = 1.27828
[7, 31] = 1.1231
[8, 0] = 0.663064
[8, 1] = 1.00989
[8, 2] = 1.26865
[8, 3] = 0.559575
[8, 4] = 0.459648
[8, 5] = 0.196826
[8, 6] = 1.1501
[8, 7] = 0.239484
[8, 8] = 0.259519
[8, 9] = 0.644967
[8, 10] = 0.262911
[8, 11] = 0.220316
[8, 12] = 0.0247419
[8, 13] = 0.0933168
[8, 14] = 0.0333697
[8, 15] = 0.0430687
[8, 16] = 0.0517599
[8, 17] = 0.0379952
[8, 18] = 0.0593032
[8, 19] = 0.0895468
[8, 20] = 0.112169
[8, 21] = 0.271614
[8, 22] = 0.267326
[8, 23] = 1.08915
[8, 24] = 0.653327
[8, 25] = 0.265349
[8, 26] = 1.23971
[8, 27] = 0.25103
[8, 28] = 0.365589
[8, 29] = 0.935325
[8, 30] = 0.90474
[8, 31] = 0.366085
[9, 0] = 1.3754
[9, 1] = 0.316783
[9, 2] = 0.665817
[9, 3] = 0.133741
[9, 4] = 0.315456
[9, 5] = 0.336325
[9, 6] = 0.144896
[9, 7] = 0.294858
[9, 8] = 0.19339
[9, 9] = 0.176894
[9, 10] = 0.204758
[9, 11] = 0.222678
[9, 12] = 0.102472
[9, 13] = 0.0488924
[9, 14] = 0.0348121
[9, 15] = 0.0397282
[9, 16] = 0.0568069
[9, 17] = 0.0654593
[9, 18] = 0.0376119
[9, 19] = 0.0428103
[9, 20] = 0.195911
[9, 21] = 0.131916
[9, 22] = 0.564626
[9, 23] = 0.219899
[9, 24] = 0.344285
[9, 25] = 0.289236
[9, 26] = 0.110678
[9, 27] = 0.246974
[9, 28] = 0.606452
[9, 29] = 0.309319
[9, 30] = 0.588783
[9, 31] = 0.480522
[10, 0] = 1.5579
[10, 1] = 0.236511
[10, 2] = 0.638833
[10, 3] = 0.803932
[10, 4] = 0.237401
[10, 5] = 0.665787
[10, 6] = 0.371883
[10, 7] = 0.167958
[10, 8] = 0.308347
[10, 9] = 0.274815
[10, 10] = 0.0808215
[10, 11] = 0.249309
[10, 12] = 0.195419
[10, 13] = 0.167695
[10, 14] = 0.0180414
[10, 15] = 0.104239
[10, 16] = 0.24248
[10, 17] = 0.115246
[10, 18] = 0.14372
[10, 19] = 0.159082
[10, 20] = 0.338379
[10, 21] = 0.130483
[10, 22] = 0.574227
[10, 23] = 0.526548
[10, 24] = 0.419296
[10, 25] = 0.263619
[10, 26] = 0.326039
[10, 27] = 0.717632
[10, 28] = 0.149266
[10, 29] = 0.715118
[10, 30] = 0.78112
[10, 31] = 0.392404
[11, 0] = 1.12399
[11, 1] = 0.340066
[11, 2] = 0.728795
[11, 3] = 0.528557
[11, 4] = 0.366129
[11, 5] = 0.0807686
[11, 6] = 0.526982
[11, 7] = 0.183084
[11, 8] = 0.15364
[11, 9] = 0.0595219
[11, 10] = 0.249785
[11, 11] = 0.153657
[11, 12] = 0.0953635
[11, 13] = 0.0449391
[11, 14] = 0.122647
[11, 15] = 0.0662623
[11, 16] = 0.0867059
[11, 17] = 0.0208033
[11, 18] = 0.120371
[11, 19] = 0.0614038
[11, 20] = 0.103237
[11, 21] = 0.129653
[11, 22] = 0.401699
[11, 23] = 0.248804
[11, 24] = 0.339596
[11, 25] = 0.24196
[11, 26] = 0.651017
[11, 27] = 0.234828
[11, 28] = 0.308356
[11, 29] = 0.556464
[11, 30] = 0.404443
[11, 31] = 0.340586
[12, 0] = 1.15086
[12, 1] = 0.280939
[12, 2] = 0.460598
[12, 3] = 0.392955
[12, 4] = 0.379893
[12, 5] = 0.215768
[12, 6] = 0.12426
[12, 7] = 0.0864231
[12, 8] = 0.0568731
[12, 9] = 0.201978
[12, 10] = 0.109352
[12, 11] = 0.137284
[12, 12] = 0.0649424
[12, 13] = 0.0507993
[12, 14] = 0.177653
[12, 15] = 0.142761
[12, 16] = 0.0262799
[12, 17] = 0.124152
[12, 18] = 0.155069
[12, 19] = 0.174092
[12, 20] = 0.0990435
[12, 21] = 0.123085
[12, 22] = 0.0351177
[12, 23] = 0.201937
[12, 24] = 0.168182
[12, 25] = 0.561994
[12, 26] = 0.108003
[12, 27] = 0.375572
[12, 28] = 0.705644
[12, 29] = 0.326683
[12, 30] = 0.177711
[12, 31] = 0.628762
[13, 0] = 1.4394
[13, 1] = 0.384775
[13, 2] = 0.681832
[13, 3] = 0.284983
[13, 4] = 0.133309
[13, 5] = 0.130467
[13, 6] = 0.323127
[13, 7] = 0.0944857
[13, 8] = 0.0999437
[13, 9] = 0.143866
[13, 10] = 0.211147
[13, 11] = 0.0674615
[13, 12] = 0.149206
[13, 13] = 0.0699286
[13, 14] = 0.0801068
[13, 15] = 0.0270345
[13, 16] = 0.0331073
[13, 17] = 0.0496989
[13, 18] = 0.0348328
[13, 19] = 0.0990186
[13, 20] = 0.29702
[13, 21] = 0.0279597
[13, 22] = 0.073685
[13, 23] = 0.254609
[13, 24] = 0.108048
[13, 25] = 0.103689
[13, 26] = 0.399248
[13, 27] = 0.133293
[13, 28] = 0.263534
[13, 29] = 0.411524
[13, 30] = 0.638423
[13, 31] = 0.146867
[14, 0] = 1.23707
[14, 1] = 0.107666
[14, 2] = 0.655888
[14, 3] = 0.243591
[14, 4] = 0.0987658
[14, 5] = 0.195453
[14, 6] = 0.295192
[14, 7] = 0.081567
[14, 8] = 0.175618
[14, 9] = 0.34031
[14, 10] = 0.0733473
[14, 11] = 0.0336429
[14, 12] = 0.113199
[14, 13] = 0.0811869
[14, 14] = 0.0368061
[14, 15] = 0.0379889
[14, 16] = 0.0745407
[14, 17] = 0.0635354
[14, 18] = 0.0368917
[14, 19] = 0.0815748
[14, 20] = 0.133694
[14, 21] = 0.112081
[14, 22] = 0.12707
[14, 23] = 0.327303
[14, 24] = 0.271781
[14, 25] = 0.126967
[14, 26] = 0.472464
[14, 27] = 0.292281
[14, 28] = 0.145022
[14, 29] = 0.310915
[14, 30] = 0.471981
[14, 31] = 0.0756564
[15, 0] = 1.23114
[15, 1] = 0.156679
[15, 2] = 0.449567
[15, 3] = 0.151267
[15, 4] = 0.116529
[15, 5] = 0.108181
[15, 6] = 0.0311853
[15, 7] = 0.159247
[15, 8] = 0.0485261
[15, 9] = 0.106219
[15, 10] = 0.0661527
[15, 11] = 0.0563265
[15, 12] = 0.0994304
[15, 13] = 0.0380242
[15, 14] = 0.0403092
[15, 15] = 0.0923838
[15, 16] = 0.0270642
[15, 17] = 0.11601
[15, 18] = 0.0405636
[15, 19] = 0.0807981
[15, 20] = 0.0591982
[15, 21] = 0.0599833
[15, 22] = 0.0606778
[15, 23] = 0.170881
[15, 24] = 0.0908261
[15, 25] = 0.274243
[15, 26] = 0.112488
[15, 27] = 0.128812
[15, 28] = 0.0876948
[15, 29] = 0.221753
[15, 30] = 0.561698
[15, 31] = 0.177123
[16, 0] = 1.17871
[16, 1] = 0.221033
[16, 2] = 0.470445
[16, 3] = 0.206176
[16, 4] = 0.193184
[16, 5] = 0.148206
[16, 6] = 0.153164
[16, 7] = 0.0825077
[16, 8] = 0.126324
[16, 9] = 0.0808998
[16, 10] = 0.0595865
[16, 11] = 0.120307
[16, 12] = 0.0536091
[16, 13] = 0.0372091
[16, 14] = 0.0225036
[16, 15] = 0.0524313
[16, 16] = 0.0126953
[16, 17] = 0.0524321
[16, 18] = 0.0225028
[16, 19] = 0.0372095
[16, 20] = 0.0536098
[16, 21] = 0.120306
[16, 22] = 0.0595876
[16, 23] = 0.0808988
[16, 24] = 0.126325
[16, 25] = 0.0825059
[16, 26] = 0.153163
[16, 27] = 0.148211
[16, 28] = 0.193185
[16, 29] = 0.206175
[16, 30] = 0.470451
[16, 31] = 0.221027
[17, 0] = 1.23115
[17, 1] = 0.186697
[17, 2] = 0.52069
[17, 3] = 0.172286
[17, 4] = 0.146287
[17, 5] = 0.0827132
[17, 6] = 0.148647
[17, 7] = 0.255986
[17, 8] = 0.0981978
[17, 9] = 0.145509
[17, 10] = 0.0671603
[17, 11] = 0.0370895
[17, 12] = 0.0239062
[17, 13] = 0.0940465
[17, 14] = 0.0326571
[17, 15] = 0.0726637
[17, 16] = 0.0270667
[17, 17] = 0.0188879
[17, 18] = 0.0323429
[17, 19] = 0.061343
[17, 20] = 0.0833838
[17, 21] = 0.0308292
[17, 22] = 0.072147
[17, 23] = 0.0570579
[17, 24] = 0.0612097
[17, 25] = 0.125218
[17, 26] = 0.102053
[17, 27] = 0.0441822
[17, 28] = 0.1652
[17, 29] = 0.0581911
[17, 30] = 0.397173
[17, 31] = 0.167409
[18, 0] = 1.23709
[18, 1] = 0.00526845
[18, 2] = 0.527728
[18, 3] = 0.208153
[18, 4] = 0.156811
[18, 5] = 0.2851
[18, 6] = 0.372996
[18, 7] = 0.190401
[18, 8] = 0.236596
[18, 9] = 0.135037
[18, 10] = 0.167102
[18, 11] = 0.136927
[18, 12] = 0.0801596
[18, 13] = 0.0802505
[18, 14] = 0.0369746
[18, 15] = 0.0572943
[18, 16] = 0.0745401
[18, 17] = 0.0262461
[18, 18] = 0.0368853
[18, 19] = 0.0798531
[18, 20] = 0.0369439
[18, 21] = 0.08555
[18, 22] = 0.130985
[18, 23] = 0.164086
[18, 24] = 0.113829
[18, 25] = 0.163663
[18, 26] = 0.0552163
[18, 27] = 0.184554
[18, 28] = 0.115389
[18, 29] = 0.077431
[18, 30] = 0.697096
[18, 31] = 0.0767831
[19, 0] = 1.43942
[19, 1] = 0.216205
[19, 2] = 0.633186
[19, 3] = 0.320227
[19, 4] = 0.242517
[19, 5] = 0.203428
[19, 6] = 0.24719
[19, 7] = 0.23756
[19, 8] = 0.10986
[19, 9] = 0.427228
[19, 10] = 0.121571
[19, 11] = 0.075104
[19, 12] = 0.291497
[19, 13] = 0.115638
[19, 14] = 0.0311533
[19, 15] = 0.0435475
[19, 16] = 0.0331089
[19, 17] = 0.0125441
[19, 18] = 0.0785819
[19, 19] = 0.0919641
[19, 20] = 0.13788
[19, 21] = 0.0970035
[19, 22] = 0.232233
[19, 23] = 0.372002
[19, 24] = 0.101902
[19, 25] = 0.233695
[19, 26] = 0.0781952
[19, 27] = 0.201588
[19, 28] = 0.0845346
[19, 29] = 0.120092
[19, 30] = 0.676939
[19, 31] = 0.416188
[20, 0] = 1.1509
[20, 1] = 0.609594
[20, 2] = 0.330903
[20, 3] = 0.219879
[20, 4] = 0.665607
[20, 5] = 0.449769
[20, 6] = 0.113784
[20, 7] = 0.795244
[20, 8] = 0.181307
[20, 9] = 0.253528
[20, 10] = 0.1449
[20, 11] = 0.122349
[20, 12] = 0.106737
[20, 13] = 0.253329
[20, 14] = 0.061587
[20, 15] = 0.0907162
[20, 16] = 0.0262822
[20, 17] = 0.114875
[20, 18] = 0.106335
[20, 19] = 0.190903
[20, 20] = 0.0761678
[20, 21] = 0.136625
[20, 22] = 0.178097
[20, 23] = 0.253561
[20, 24] = 0.0884364
[20, 25] = 0.569223
[20, 26] = 0.12932
[20, 27] = 0.328319
[20, 28] = 0.299049
[20, 29] = 0.309898
[20, 30] = 0.538578
[20, 31] = 0.234917
[21, 0] = 1.12404
[21, 1] = 0.141702
[21, 2] = 0.764948
[21, 3] = 0.52562
[21, 4] = 0.40037
[21, 5] = 0.388864
[21, 6] = 0.40892
[21, 7] = 0.26556
[21, 8] = 0.530076
[21, 9] = 0.293016
[21, 10] = 0.337242
[21, 11] = 0.121209
[21, 12] = 0.110308
[21, 13] = 0.0429848
[21, 14] = 0.115914
[21, 15] = 0.0954259
[21, 16] = 0.0867026
[21, 17] = 0.114291
[21, 18] = 0.118271
[21, 19] = 0.00980951
[21, 20] = 0.102961
[21, 21] = 0.146597
[21, 22] = 0.121484
[21, 23] = 0.165819
[21, 24] = 0.435029
[21, 25] = 0.213292
[21, 26] = 0.145331
[21, 27] = 0.320296
[21, 28] = 0.446389
[21, 29] = 0.495991
[21, 30] = 0.976074
[21, 31] = 0.140426
[22, 0] = 1.55795
[22, 1] = 0.761809
[22, 2] = 0.746168
[22, 3] = 0.421192
[22, 4] = 0.283704
[22, 5] = 0.690533
[22, 6] = 0.0951905
[22, 7] = 0.334278
[22, 8] = 0.454264
[22, 9] = 0.644975
[22, 10] = 0.73181
[22, 11] = 0.189123
[22, 12] = 0.304202
[22, 13] = 0.163692
[22, 14] = 0.205129
[22, 15] = 0.117401
[22, 16] = 0.242482
[22, 17] = 0.106615
[22, 18] = 0.14746
[22, 19] = 0.172084
[22, 20] = 0.127401
[22, 21] = 0.284435
[22, 22] = 0.460789
[22, 23] = 0.462856
[22, 24] = 0.354418
[22, 25] = 0.265411
[22, 26] = 0.202602
[22, 27] = 0.636512
[22, 28] = 0.338479
[22, 29] = 0.558856
[22, 30] = 0.595623
[22, 31] = 0.694485
[23, 0] = 1.37548
[23, 1] = 0.532287
[23, 2] = 0.450073
[23, 3] = 0.374507
[23, 4] = 0.63353
[23, 5] = 0.332752
[23, 6] = 0.15487
[23, 7] = 0.39847
[23, 8] = 0.293545
[23, 9] = 0.137761
[23, 10] = 0.593816
[23, 11] = 0.121916
[23, 12] = 0.180802
[23, 13] = 0.0131262
[23, 14] = 0.0874648
[23, 15] = 0.0731391
[23, 16] = 0.0568103
[23, 17] = 0.0514029
[23, 18] = 0.0862894
[23, 19] = 0.0270131
[23, 20] = 0.0693501
[23, 21] = 0.216909
[23, 22] = 0.275191
[23, 23] = 0.0438264
[23, 24] = 0.0710014
[23, 25] = 0.402565
[23, 26] = 0.180907
[23, 27] = 0.403531
[23, 28] = 0.364811
[23, 29] = 0.249949
[23, 30] = 0.54699
[23, 31] = 0.390887
[24, 0] = 0.663151
[24, 1] = 0.606565
[24, 2] = 2.50288
[24, 3] = 1.43805
[24, 4] = 0.897974
[24, 5] = 0.541991
[24, 6] = 0.88348
[24, 7] = 0.328501
[24, 8] = 0.671259
[24, 9] = 0.914498
[24, 10] = 0.132872
[24, 11] = 0.204819
[24, 12] = 0.179455
[24, 13] = 0.0358116
[24, 14] = 0.0571256
[24, 15] = 0.0423979
[24, 16] = 0.0517553
[24, 17] = 0.0470021
[24, 18] = 0.0293379
[24, 19] = 0.0444057
[24, 20] = 0.142241
[24, 21] = 0.129288
[24, 22] = 0.123727
[24, 23] = 0.257119
[24, 24] = 0.301833
[24, 25] = 0.307987
[24, 26] = 0.752619
[24, 27] = 0.519072
[24, 28] = 0.940194
[24, 29] = 1.22729
[24, 30] = 2.65612
[24, 31] = 1.11974
[25, 0] = 0.581978
[25, 1] = 1.17878
[25, 2] = 1.24253
[25, 3] = 0.372869
[25, 4] = 0.978396
[25, 5] = 0.869789
[25, 6] = 1.11514
[25, 7] = 0.255729
[25, 8] = 0.420735
[25, 9] = 0.534849
[25, 10] = 0.103145
[25, 11] = 0.188968
[25, 12] = 0.0712099
[25, 13] = 0.174851
[25, 14] = 0.0958984
[25, 15] = 0.0728334
[25, 16] = 0.0213252
[25, 17] = 0.124628
[25, 18] = 0.139133
[25, 19] = 0.237743
[25, 20] = 0.101644
[25, 21] = 0.116883
[25, 22] = 0.250547
[25, 23] = 0.0786767
[25, 24] = 0.503297
[25, 25] = 0.0900113
[25, 26] = 0.575555
[25, 27] = 0.241676
[25, 28] = 0.882282
[25, 29] = 0.561238
[25, 30] = 1.22303
[25, 31] = 0.719044
[26, 0] = 2.85923
[26, 1] = 0.374473
[26, 2] = 3.98401
[26, 3] = 0.785751
[26, 4] = 1.51346
[26, 5] = 1.01867
[26, 6] = 1.26373
[26, 7] = 0.130138
[26, 8] = 0.145245
[26, 9] = 0.114861
[26, 10] = 0.179024
[26, 11] = 0.0933331
[26, 12] = 0.0546578
[26, 13] = 0.24809
[26, 14] = 0.0663808
[26, 15] = 0.0901363
[26, 16] = 0.0421515
[26, 17] = 0.0499445
[26, 18] = 0.0873105
[26, 19] = 0.121188
[26, 20] = 0.0564562
[26, 21] = 0.0839394
[26, 22] = 0.115602
[26, 23] = 0.146482
[26, 24] = 0.0983919
[26, 25] = 0.130235
[26, 26] = 0.984622
[26, 27] = 0.314726
[26, 28] = 1.10746
[26, 29] = 0.67547
[26, 30] = 1.87512
[26, 31] = 1.04509
[27, 0] = 1.96818
[27, 1] = 2.4553
[27, 2] = 0.975492
[27, 3] = 0.316547
[27, 4] = 1.24576
[27, 5] = 0.846205
[27, 6] = 0.697592
[27, 7] = 0.481224
[27, 8] = 0.332994
[27, 9] = 0.267096
[27, 10] = 0.146218
[27, 11] = 0.24333
[27, 12] = 0.0970841
[27, 13] = 0.172391
[27, 14] = 0.172276
[27, 15] = 0.0957792
[27, 16] = 0.0315833
[27, 17] = 0.109712
[27, 18] = 0.180056
[27, 19] = 0.2101
[27, 20] = 0.0712434
[27, 21] = 0.331962
[27, 22] = 0.111902
[27, 23] = 0.303606
[27, 24] = 0.114159
[27, 25] = 0.512218
[27, 26] = 0.561316
[27, 27] = 0.885993
[27, 28] = 1.20341
[27, 29] = 0.369445
[27, 30] = 0.334244
[27, 31] = 2.34137
[28, 0] = 2.18137
[28, 1] = 1.48611
[28, 2] = 4.23065
[28, 3] = 0.482125
[28, 4] = 1.30651
[28, 5] = 1.09165
[28, 6] = 0.33258
[28, 7] = 0.622708
[28, 8] = 0.916511
[28, 9] = 0.11989
[28, 10] = 0.0784679
[28, 11] = 0.32281
[28, 12] = 0.0769367
[28, 13] = 0.0785667
[28, 14] = 0.0888644
[28, 15] = 0.0890327
[28, 16] = 0.0731584
[28, 17] = 0.0209547
[28, 18] = 0.0168543
[28, 19] = 0.0505053
[28, 20] = 0.206468
[28, 21] = 0.22673
[28, 22] = 0.280613
[28, 23] = 0.0720098
[28, 24] = 0.574786
[28, 25] = 0.169052
[28, 26] = 0.435598
[28, 27] = 0.835369
[28, 28] = 0.279114
[28, 29] = 0.499922
[28, 30] = 5.73657
[28, 31] = 1.16717
[29, 0] = 8.19494
[29, 1] = 1.37994
[29, 2] = 4.41586
[29, 3] = 0.527297
[29, 4] = 3.38765
[29, 5] = 1.64337
[29, 6] = 0.647612
[29, 7] = 1.4853
[29, 8] = 1.23824
[29, 9] = 0.424136
[29, 10] = 0.186287
[29, 11] = 0.260443
[29, 12] = 0.0593583
[29, 13] = 0.241452
[29, 14] = 0.244345
[29, 15] = 0.178495
[29, 16] = 0.0577539
[29, 17] = 0.162717
[29, 18] = 0.154168
[29, 19] = 0.159348
[29, 20] = 0.0856038
[29, 21] = 0.260791
[29, 22] = 0.196137
[29, 23] = 0.180525
[29, 24] = 0.977014
[29, 25] = 0.884103
[29, 26] = 0.219366
[29, 27] = 1.55621
[29, 28] = 2.90841
[29, 29] = 0.554388
[29, 30] = 6.29023
[29, 31] = 3.307
[30, 0] = 1.46019
[30, 1] = 2.32813
[30, 2] = 6.24914
[30, 3] = 0.688116
[30, 4] = 2.31425
[30, 5] = 0.203257
[30, 6] = 0.598806
[30, 7] = 0.418272
[30, 8] = 0.249876
[30, 9] = 0.118282
[30, 10] = 0.16838
[30, 11] = 0.120976
[30, 12] = 0.18283
[30, 13] = 0.103181
[30, 14] = 0.115705
[30, 15] = 0.11781
[30, 16] = 0.113092
[30, 17] = 0.132757
[30, 18] = 0.0692523
[30, 19] = 0.182469
[30, 20] = 0.141552
[30, 21] = 0.200833
[30, 22] = 0.225695
[30, 23] = 0.432161
[30, 24] = 0.289284
[30, 25] = 0.389474
[30, 26] = 0.67347
[30, 27] = 0.126841
[30, 28] = 1.33103
[30, 29] = 2.52093
[30, 30] = 6.2474
[30, 31] = 1.74416
[31, 0] = 1.60882
[31, 1] = 4.28075
[31, 2] = 8.52706
[31, 3] = 0.944895
[31, 4] = 1.61968
[31, 5] = 0.556049
[31, 6] = 1.10468
[31, 7] = 0.491248
[31, 8] = 0.375926
[31, 9] = 0.16843
[31, 10] = 0.25126
[31, 11] = 0.198669
[31, 12] = 0.0334459
[31, 13] = 0.0848842
[31, 14] = 0.0195149
[31, 15] = 0.0245683
[31, 16] = 0.0749002
[31, 17] = 0.103025
[31, 18] = 0.111632
[31, 19] = 0.0999563
[31, 20] = 0.0465725
[31, 21] = 0.166357
[31, 22] = 0.237257
[31, 23] = 0.116463
[31, 24] = 0.385579
[31, 25] = 0.400704
[31, 26] = 0.833309
[31, 27] = 0.62731
[31, 28] = 1.15913
[31, 29] = 1.09168
[31, 30] = 1.39325
[31, 31] = 4.08201
